3 9 15
2 8 14
2 14 20
8 14 20
1 7 13 19 25
1 7 13 19
1 7 19 25 
1 7 13 25
7 13 19 25
1 13 19 25
6 12 18 24 30
6 12 18 24
6 12 24 30
6 12 18 30
12 18 24 30
6 18 24 30
11 17 23 29 35
11 17 23 29 
11 23 29 35
11 17 23 35
17 23 29 35
11 17 29 35
16 22 28 34 40
16 22 28 34
16 28 34 40
16 22 34 40
16 22 28 40
22 28 34 40
21 27 33 39 45
21 27 33 39
21 33 39 45
21 27 39 45
21 27 33 45
27 33 39 45
26 32 38 44
31 37 43
35 39 43
30 34 38 42
25 29 33 37 41
25 29 33 37
25 33 37 41
25 29 33 41
29 33 37 41
25 29 37 41
20 24 28 32 36
20 24 28 32
20 28 32 36
20 24 28 36
20 24 32 36
24 28 32 36
15 19 23 27 31
15 19 23 27
15 23 27 31
15 19 27 31
15 19 23 31
19 23 27 31
10 14 18 22 26
10 14 18 22
10 18 22 26
10 14 18 26
14 18 22 26
10 14 22 26
5 9 13 17 21
5 9 13 17
5 13 17 21
5 9 17 21
5 9 13 21
9 13 17 21
4 8 12 16
3 7 11










































