5 10 15 20
5 10 15 25
5 10 15 30
5 10 15 35
5 10 15 40
5 10 15 45
5 10 20 25
5 10 20 30
5 10 20 35
5 10 20 40
5 10 20 45
5 10 25 30
5 10 25 35
5 10 25 40
5 10 25 45
5 10 30 35
5 10 30 40
5 10 30 45
5 10 35 40
5 10 35 45
5 10 40 45
5 15 20 25
5 15 20 30
5 15 20 35
5 15 20 40
5 15 20 45
5 15 25 30
5 15 25 35
5 15 25 40
5 15 25 45
5 15 30 35
5 15 30 40
5 15 30 45
5 15 35 40
5 15 35 45
5 15 40 45
5 20 25 30
5 20 25 35
5 20 25 40
5 20 25 45
5 20 30 35
5 20 30 40
5 20 30 45
5 20 35 40
5 20 35 45
5 20 40 45
5 25 30 35
5 25 30 40
5 25 30 45
5 25 35 40
5 25 35 45
5 25 40 45
5 30 35 40
5 30 35 45
5 30 40 45
5 35 40 45
10 15 20 25
10 15 20 30
10 15 20 35
10 15 20 40
10 15 20 45
10 15 25 30
10 15 25 35
10 15 25 40
10 15 25 45
10 15 30 35
10 15 30 40
10 15 30 45
10 15 35 40
10 15 35 45
10 15 40 45
10 20 25 30
10 20 25 35
10 20 25 40
10 20 25 45
10 20 30 35
10 20 30 40
10 20 30 45
10 20 35 40
10 20 35 45
10 20 40 45
10 25 30 35
10 25 30 40
10 25 30 45
10 25 35 40
10 25 35 45
10 25 40 45
10 30 35 40
10 30 35 45
10 30 40 45
10 35 40 45
15 20 25 30
15 20 25 35
15 20 25 40
15 20 25 45
15 20 30 35
15 20 30 40
15 20 30 45
15 20 35 40
15 20 35 45
15 20 40 45
15 25 30 35
15 25 30 40
15 25 30 45
15 25 35 40
15 25 35 45
15 25 40 45
15 30 35 40
15 30 35 45
15 30 40 45
15 35 40 45
20 25 30 35
20 25 30 40
20 25 30 45
20 25 35 40
20 25 35 45
20 25 40 45
20 30 35 40
20 30 35 45
20 30 40 45
20 35 40 45
25 30 35 40
25 30 35 45
25 30 40 45
25 35 40 45
30 35 40 45
