3 8 13 18
3 8 13 23
3 8 13 28
3 8 13 33
3 8 13 38
3 8 13 43
3 8 18 23
3 8 18 28
3 8 18 33
3 8 18 38
3 8 18 43
3 8 23 28
3 8 23 33
3 8 23 38
3 8 23 43
3 8 28 33
3 8 28 38
3 8 28 43
3 8 33 38
3 8 33 43
3 8 38 43
3 13 18 23
3 13 18 28
3 13 18 33
3 13 18 38
3 13 18 43
3 13 23 28
3 13 23 33
3 13 23 38
3 13 23 43
3 13 28 33
3 13 28 38
3 13 28 43
3 13 33 38
3 13 33 43
3 13 38 43
3 18 23 28
3 18 23 33
3 18 23 38
3 18 23 43
3 18 28 33
3 18 28 38
3 18 28 43
3 18 33 38
3 18 33 43
3 18 38 43
3 23 28 33
3 23 28 38
3 23 28 43
3 23 33 38
3 23 33 43
3 23 38 43
3 28 33 38
3 28 33 43
3 28 38 43
3 33 38 43
8 13 18 23
8 13 18 28
8 13 18 33
8 13 18 38
8 13 18 43
8 13 23 28
8 13 23 33
8 13 23 38
8 13 23 43
8 13 28 33
8 13 28 38
8 13 28 43
8 13 33 38
8 13 33 43
8 13 38 43
8 18 23 28
8 18 23 33
8 18 23 38
8 18 23 43
8 18 28 33
8 18 28 38
8 18 28 43
8 18 33 38
8 18 33 43
8 18 38 43
8 23 28 33
8 23 28 38
8 23 28 43
8 23 33 38
8 23 33 43
8 23 38 43
8 28 33 38
8 28 33 43
8 28 38 43
8 33 38 43
13 18 23 28
13 18 23 33
13 18 23 38
13 18 23 43
13 18 28 33
13 18 28 38
13 18 28 43
13 18 33 38
13 18 33 43
13 18 38 43
13 23 28 33
13 23 28 38
13 23 28 43
13 23 33 38
13 23 33 43
13 23 38 43
13 28 33 38
13 28 33 43
13 28 38 43
13 33 38 43
18 23 28 33
18 23 28 38
18 23 28 43
18 23 33 38
18 23 33 43
18 23 38 43
18 28 33 38
18 28 33 43
18 28 38 43
18 33 38 43
23 28 33 38
23 28 33 43
23 28 38 43
23 33 38 43
28 33 38 43
