2 7 12 17
2 7 12 22
2 7 12 27
2 7 12 32
2 7 12 37
2 7 12 42
2 7 17 22
2 7 17 27
2 7 17 32
2 7 17 37
2 7 17 42
2 7 22 27
2 7 22 32
2 7 22 37
2 7 22 42
2 7 27 32
2 7 27 37
2 7 27 42
2 7 32 37
2 7 32 42
2 7 37 42
2 12 17 22
2 12 17 27
2 12 17 32
2 12 17 37
2 12 17 42
2 12 22 27
2 12 22 32
2 12 22 37
2 12 22 42
2 12 27 32
2 12 27 37
2 12 27 42
2 12 32 37
2 12 32 42
2 12 37 42
2 17 22 27
2 17 22 32
2 17 22 37
2 17 22 42
2 17 27 32
2 17 27 37
2 17 27 42
2 17 32 37
2 17 32 42
2 17 37 42
2 22 27 32
2 22 27 37
2 22 27 42
2 22 32 37
2 22 32 42
2 22 37 42
2 27 32 37
2 27 32 42
2 27 37 42
2 32 37 42
7 12 17 22
7 12 17 27
7 12 17 32
7 12 17 37
7 12 17 42
7 12 22 27
7 12 22 32
7 12 22 37
7 12 22 42
7 12 27 32
7 12 27 37
7 12 27 42
7 12 32 37
7 12 32 42
7 12 37 42
7 17 22 27
7 17 22 32
7 17 22 37
7 17 22 42
7 17 27 32
7 17 27 37
7 17 27 42
7 17 32 37
7 17 32 42
7 17 37 42
7 22 27 32
7 22 27 37
7 22 27 42
7 22 32 37
7 22 32 42
7 22 37 42
7 27 32 37
7 27 32 42
7 27 37 42
7 32 37 42
12 17 22 27
12 17 22 32
12 17 22 37
12 17 22 42
12 17 27 32
12 17 27 37
12 17 27 42
12 17 32 37
12 17 32 42
12 17 37 42
12 22 27 32
12 22 27 37
12 22 27 42
12 22 32 37
12 22 32 42
12 22 37 42
12 27 32 37
12 27 32 42
12 27 37 42
12 32 37 42
17 22 27 32
17 22 27 37
17 22 27 42
17 22 32 37
17 22 32 42
17 22 37 42
17 27 32 37
17 27 32 42
17 27 37 42
17 32 37 42
22 27 32 37
22 27 32 42
22 27 37 42
22 32 37 42
27 32 37 42
