4 9 14 19
4 9 14 24
4 9 14 29
4 9 14 34
4 9 14 39
4 9 14 44
4 9 19 24
4 9 19 29
4 9 19 34
4 9 19 39
4 9 19 44
4 9 24 29
4 9 24 34
4 9 24 39
4 9 24 44
4 9 29 34
4 9 29 39
4 9 29 44
4 9 34 39
4 9 34 44
4 9 39 44
4 14 19 24
4 14 19 29
4 14 19 34
4 14 19 39
4 14 19 44
4 14 24 29
4 14 24 34
4 14 24 39
4 14 24 44
4 14 29 34
4 14 29 39
4 14 29 44
4 14 34 39
4 14 34 44
4 14 39 44
4 19 24 29
4 19 24 34
4 19 24 39
4 19 24 44
4 19 29 34
4 19 29 39
4 19 29 44
4 19 34 39
4 19 34 44
4 19 39 44
4 24 29 34
4 24 29 39
4 24 29 44
4 24 34 39
4 24 34 44
4 24 39 44
4 29 34 39
4 29 34 44
4 29 39 44
4 34 39 44
9 14 19 24
9 14 19 29
9 14 19 34
9 14 19 39
9 14 19 44
9 14 24 29
9 14 24 34
9 14 24 39
9 14 24 44
9 14 29 34
9 14 29 39
9 14 29 44
9 14 34 39
9 14 34 44
9 14 39 44
9 19 24 29
9 19 24 34
9 19 24 39
9 19 24 44
9 19 29 34
9 19 29 39
9 19 29 44
9 19 34 39
9 19 34 44
9 19 39 44
9 24 29 34
9 24 29 39
9 24 29 44
9 24 34 39
9 24 34 44
9 24 39 44
9 29 34 39
9 29 34 44
9 29 39 44
9 34 39 44
14 19 24 29
14 19 24 34
14 19 24 39
14 19 24 44
14 19 29 34
14 19 29 39
14 19 29 44
14 19 34 39
14 19 34 44
14 19 39 44
14 24 29 34
14 24 29 39
14 24 29 44
14 24 34 39
14 24 34 44
14 24 39 44
14 29 34 39
14 29 34 44
14 29 39 44
14 34 39 44
19 24 29 34
19 24 29 39
19 24 29 44
19 24 34 39
19 24 34 44
19 24 39 44
19 29 34 39
19 29 34 44
19 29 39 44
19 34 39 44
24 29 34 39
24 29 34 44
24 29 39 44
24 34 39 44
29 34 39 44
