1 2 9 19 29
1 2 9 19 39
1 2 9 29 39
1 2 19 29 39
1 3 9 19 29
1 3 9 19 39
1 3 9 29 39
1 3 19 29 39
1 4 9 19 29
1 4 9 19 39
1 4 9 29 39
1 4 19 29 39
1 5 9 19 29
1 5 9 19 39
1 5 9 29 39
1 5 19 29 39
1 6 9 19 29
1 6 9 19 39
1 6 9 29 39
1 6 19 29 39
1 7 9 19 29
1 7 9 19 39
1 7 9 29 39
1 7 19 29 39
1 8 9 19 29
1 8 9 19 39
1 8 9 29 39
1 8 19 29 39
1 9 10 19 29
1 9 10 19 39
1 9 10 29 39
1 9 11 19 29
1 9 11 19 39
1 9 11 29 39
1 9 12 19 29
1 9 12 19 39
1 9 12 29 39
1 9 13 19 29
1 9 13 19 39
1 9 13 29 39
1 9 14 19 29
1 9 14 19 39
1 9 14 29 39
1 9 15 19 29
1 9 15 19 39
1 9 15 29 39
1 9 16 19 29
1 9 16 19 39
1 9 16 29 39
1 9 17 19 29
1 9 17 19 39
1 9 17 29 39
1 9 18 19 29
1 9 18 19 39
1 9 18 29 39
1 9 19 20 29
1 9 19 20 39
1 9 19 21 29
1 9 19 21 39
1 9 19 22 29
1 9 19 22 39
1 9 19 23 29
1 9 19 23 39
1 9 19 24 29
1 9 19 24 39
1 9 19 25 29
1 9 19 25 39
1 9 19 26 29
1 9 19 26 39
1 9 19 27 29
1 9 19 27 39
1 9 19 28 29
1 9 19 28 39
1 9 19 29 30
1 9 19 29 31
1 9 19 29 32
1 9 19 29 33
1 9 19 29 34
1 9 19 29 35
1 9 19 29 36
1 9 19 29 37
1 9 19 29 38
1 9 19 29 39
1 9 19 29 40
1 9 19 29 41
1 9 19 29 42
1 9 19 29 43
1 9 19 29 44
1 9 19 29 45
1 9 19 30 39
1 9 19 31 39
1 9 19 32 39
1 9 19 33 39
1 9 19 34 39
1 9 19 35 39
1 9 19 36 39
1 9 19 37 39
1 9 19 38 39
1 9 19 39 40
1 9 19 39 41
1 9 19 39 42
1 9 19 39 43
1 9 19 39 44
1 9 19 39 45
1 9 20 29 39
1 9 21 29 39
1 9 22 29 39
1 9 23 29 39
1 9 24 29 39
1 9 25 29 39
1 9 26 29 39
1 9 27 29 39
1 9 28 29 39
1 9 29 30 39
1 9 29 31 39
1 9 29 32 39
1 9 29 33 39
1 9 29 34 39
1 9 29 35 39
1 9 29 36 39
1 9 29 37 39
1 9 29 38 39
1 9 29 39 40
1 9 29 39 41
1 9 29 39 42
1 9 29 39 43
1 9 29 39 44
1 9 29 39 45
1 10 19 29 39
1 11 19 29 39
1 12 19 29 39
1 13 19 29 39
1 14 19 29 39
1 15 19 29 39
1 16 19 29 39
1 17 19 29 39
1 18 19 29 39
1 19 20 29 39
1 19 21 29 39
1 19 22 29 39
1 19 23 29 39
1 19 24 29 39
1 19 25 29 39
1 19 26 29 39
1 19 27 29 39
1 19 28 29 39
1 19 29 30 39
1 19 29 31 39
1 19 29 32 39
1 19 29 33 39
1 19 29 34 39
1 19 29 35 39
1 19 29 36 39
1 19 29 37 39
1 19 29 38 39
1 19 29 39 40
1 19 29 39 41
1 19 29 39 42
1 19 29 39 43
1 19 29 39 44
1 19 29 39 45
2 3 9 19 29
2 3 9 19 39
2 3 9 29 39
2 3 19 29 39
2 4 9 19 29
2 4 9 19 39
2 4 9 29 39
2 4 19 29 39
2 5 9 19 29
2 5 9 19 39
2 5 9 29 39
2 5 19 29 39
2 6 9 19 29
2 6 9 19 39
2 6 9 29 39
2 6 19 29 39
2 7 9 19 29
2 7 9 19 39
2 7 9 29 39
2 7 19 29 39
2 8 9 19 29
2 8 9 19 39
2 8 9 29 39
2 8 19 29 39
2 9 10 19 29
2 9 10 19 39
2 9 10 29 39
2 9 11 19 29
2 9 11 19 39
2 9 11 29 39
2 9 12 19 29
2 9 12 19 39
2 9 12 29 39
2 9 13 19 29
2 9 13 19 39
2 9 13 29 39
2 9 14 19 29
2 9 14 19 39
2 9 14 29 39
2 9 15 19 29
2 9 15 19 39
2 9 15 29 39
2 9 16 19 29
2 9 16 19 39
2 9 16 29 39
2 9 17 19 29
2 9 17 19 39
2 9 17 29 39
2 9 18 19 29
2 9 18 19 39
2 9 18 29 39
2 9 19 20 29
2 9 19 20 39
2 9 19 21 29
2 9 19 21 39
2 9 19 22 29
2 9 19 22 39
2 9 19 23 29
2 9 19 23 39
2 9 19 24 29
2 9 19 24 39
2 9 19 25 29
2 9 19 25 39
2 9 19 26 29
2 9 19 26 39
2 9 19 27 29
2 9 19 27 39
2 9 19 28 29
2 9 19 28 39
2 9 19 29 30
2 9 19 29 31
2 9 19 29 32
2 9 19 29 33
2 9 19 29 34
2 9 19 29 35
2 9 19 29 36
2 9 19 29 37
2 9 19 29 38
2 9 19 29 39
2 9 19 29 40
2 9 19 29 41
2 9 19 29 42
2 9 19 29 43
2 9 19 29 44
2 9 19 29 45
2 9 19 30 39
2 9 19 31 39
2 9 19 32 39
2 9 19 33 39
2 9 19 34 39
2 9 19 35 39
2 9 19 36 39
2 9 19 37 39
2 9 19 38 39
2 9 19 39 40
2 9 19 39 41
2 9 19 39 42
2 9 19 39 43
2 9 19 39 44
2 9 19 39 45
2 9 20 29 39
2 9 21 29 39
2 9 22 29 39
2 9 23 29 39
2 9 24 29 39
2 9 25 29 39
2 9 26 29 39
2 9 27 29 39
2 9 28 29 39
2 9 29 30 39
2 9 29 31 39
2 9 29 32 39
2 9 29 33 39
2 9 29 34 39
2 9 29 35 39
2 9 29 36 39
2 9 29 37 39
2 9 29 38 39
2 9 29 39 40
2 9 29 39 41
2 9 29 39 42
2 9 29 39 43
2 9 29 39 44
2 9 29 39 45
2 10 19 29 39
2 11 19 29 39
2 12 19 29 39
2 13 19 29 39
2 14 19 29 39
2 15 19 29 39
2 16 19 29 39
2 17 19 29 39
2 18 19 29 39
2 19 20 29 39
2 19 21 29 39
2 19 22 29 39
2 19 23 29 39
2 19 24 29 39
2 19 25 29 39
2 19 26 29 39
2 19 27 29 39
2 19 28 29 39
2 19 29 30 39
2 19 29 31 39
2 19 29 32 39
2 19 29 33 39
2 19 29 34 39
2 19 29 35 39
2 19 29 36 39
2 19 29 37 39
2 19 29 38 39
2 19 29 39 40
2 19 29 39 41
2 19 29 39 42
2 19 29 39 43
2 19 29 39 44
2 19 29 39 45
3 4 9 19 29
3 4 9 19 39
3 4 9 29 39
3 4 19 29 39
3 5 9 19 29
3 5 9 19 39
3 5 9 29 39
3 5 19 29 39
3 6 9 19 29
3 6 9 19 39
3 6 9 29 39
3 6 19 29 39
3 7 9 19 29
3 7 9 19 39
3 7 9 29 39
3 7 19 29 39
3 8 9 19 29
3 8 9 19 39
3 8 9 29 39
3 8 19 29 39
3 9 10 19 29
3 9 10 19 39
3 9 10 29 39
3 9 11 19 29
3 9 11 19 39
3 9 11 29 39
3 9 12 19 29
3 9 12 19 39
3 9 12 29 39
3 9 13 19 29
3 9 13 19 39
3 9 13 29 39
3 9 14 19 29
3 9 14 19 39
3 9 14 29 39
3 9 15 19 29
3 9 15 19 39
3 9 15 29 39
3 9 16 19 29
3 9 16 19 39
3 9 16 29 39
3 9 17 19 29
3 9 17 19 39
3 9 17 29 39
3 9 18 19 29
3 9 18 19 39
3 9 18 29 39
3 9 19 20 29
3 9 19 20 39
3 9 19 21 29
3 9 19 21 39
3 9 19 22 29
3 9 19 22 39
3 9 19 23 29
3 9 19 23 39
3 9 19 24 29
3 9 19 24 39
3 9 19 25 29
3 9 19 25 39
3 9 19 26 29
3 9 19 26 39
3 9 19 27 29
3 9 19 27 39
3 9 19 28 29
3 9 19 28 39
3 9 19 29 30
3 9 19 29 31
3 9 19 29 32
3 9 19 29 33
3 9 19 29 34
3 9 19 29 35
3 9 19 29 36
3 9 19 29 37
3 9 19 29 38
3 9 19 29 39
3 9 19 29 40
3 9 19 29 41
3 9 19 29 42
3 9 19 29 43
3 9 19 29 44
3 9 19 29 45
3 9 19 30 39
3 9 19 31 39
3 9 19 32 39
3 9 19 33 39
3 9 19 34 39
3 9 19 35 39
3 9 19 36 39
3 9 19 37 39
3 9 19 38 39
3 9 19 39 40
3 9 19 39 41
3 9 19 39 42
3 9 19 39 43
3 9 19 39 44
3 9 19 39 45
3 9 20 29 39
3 9 21 29 39
3 9 22 29 39
3 9 23 29 39
3 9 24 29 39
3 9 25 29 39
3 9 26 29 39
3 9 27 29 39
3 9 28 29 39
3 9 29 30 39
3 9 29 31 39
3 9 29 32 39
3 9 29 33 39
3 9 29 34 39
3 9 29 35 39
3 9 29 36 39
3 9 29 37 39
3 9 29 38 39
3 9 29 39 40
3 9 29 39 41
3 9 29 39 42
3 9 29 39 43
3 9 29 39 44
3 9 29 39 45
3 10 19 29 39
3 11 19 29 39
3 12 19 29 39
3 13 19 29 39
3 14 19 29 39
3 15 19 29 39
3 16 19 29 39
3 17 19 29 39
3 18 19 29 39
3 19 20 29 39
3 19 21 29 39
3 19 22 29 39
3 19 23 29 39
3 19 24 29 39
3 19 25 29 39
3 19 26 29 39
3 19 27 29 39
3 19 28 29 39
3 19 29 30 39
3 19 29 31 39
3 19 29 32 39
3 19 29 33 39
3 19 29 34 39
3 19 29 35 39
3 19 29 36 39
3 19 29 37 39
3 19 29 38 39
3 19 29 39 40
3 19 29 39 41
3 19 29 39 42
3 19 29 39 43
3 19 29 39 44
3 19 29 39 45
4 5 9 19 29
4 5 9 19 39
4 5 9 29 39
4 5 19 29 39
4 6 9 19 29
4 6 9 19 39
4 6 9 29 39
4 6 19 29 39
4 7 9 19 29
4 7 9 19 39
4 7 9 29 39
4 7 19 29 39
4 8 9 19 29
4 8 9 19 39
4 8 9 29 39
4 8 19 29 39
4 9 10 19 29
4 9 10 19 39
4 9 10 29 39
4 9 11 19 29
4 9 11 19 39
4 9 11 29 39
4 9 12 19 29
4 9 12 19 39
4 9 12 29 39
4 9 13 19 29
4 9 13 19 39
4 9 13 29 39
4 9 14 19 29
4 9 14 19 39
4 9 14 29 39
4 9 15 19 29
4 9 15 19 39
4 9 15 29 39
4 9 16 19 29
4 9 16 19 39
4 9 16 29 39
4 9 17 19 29
4 9 17 19 39
4 9 17 29 39
4 9 18 19 29
4 9 18 19 39
4 9 18 29 39
4 9 19 20 29
4 9 19 20 39
4 9 19 21 29
4 9 19 21 39
4 9 19 22 29
4 9 19 22 39
4 9 19 23 29
4 9 19 23 39
4 9 19 24 29
4 9 19 24 39
4 9 19 25 29
4 9 19 25 39
4 9 19 26 29
4 9 19 26 39
4 9 19 27 29
4 9 19 27 39
4 9 19 28 29
4 9 19 28 39
4 9 19 29 30
4 9 19 29 31
4 9 19 29 32
4 9 19 29 33
4 9 19 29 34
4 9 19 29 35
4 9 19 29 36
4 9 19 29 37
4 9 19 29 38
4 9 19 29 39
4 9 19 29 40
4 9 19 29 41
4 9 19 29 42
4 9 19 29 43
4 9 19 29 44
4 9 19 29 45
4 9 19 30 39
4 9 19 31 39
4 9 19 32 39
4 9 19 33 39
4 9 19 34 39
4 9 19 35 39
4 9 19 36 39
4 9 19 37 39
4 9 19 38 39
4 9 19 39 40
4 9 19 39 41
4 9 19 39 42
4 9 19 39 43
4 9 19 39 44
4 9 19 39 45
4 9 20 29 39
4 9 21 29 39
4 9 22 29 39
4 9 23 29 39
4 9 24 29 39
4 9 25 29 39
4 9 26 29 39
4 9 27 29 39
4 9 28 29 39
4 9 29 30 39
4 9 29 31 39
4 9 29 32 39
4 9 29 33 39
4 9 29 34 39
4 9 29 35 39
4 9 29 36 39
4 9 29 37 39
4 9 29 38 39
4 9 29 39 40
4 9 29 39 41
4 9 29 39 42
4 9 29 39 43
4 9 29 39 44
4 9 29 39 45
4 10 19 29 39
4 11 19 29 39
4 12 19 29 39
4 13 19 29 39
4 14 19 29 39
4 15 19 29 39
4 16 19 29 39
4 17 19 29 39
4 18 19 29 39
4 19 20 29 39
4 19 21 29 39
4 19 22 29 39
4 19 23 29 39
4 19 24 29 39
4 19 25 29 39
4 19 26 29 39
4 19 27 29 39
4 19 28 29 39
4 19 29 30 39
4 19 29 31 39
4 19 29 32 39
4 19 29 33 39
4 19 29 34 39
4 19 29 35 39
4 19 29 36 39
4 19 29 37 39
4 19 29 38 39
4 19 29 39 40
4 19 29 39 41
4 19 29 39 42
4 19 29 39 43
4 19 29 39 44
4 19 29 39 45
5 6 9 19 29
5 6 9 19 39
5 6 9 29 39
5 6 19 29 39
5 7 9 19 29
5 7 9 19 39
5 7 9 29 39
5 7 19 29 39
5 8 9 19 29
5 8 9 19 39
5 8 9 29 39
5 8 19 29 39
5 9 10 19 29
5 9 10 19 39
5 9 10 29 39
5 9 11 19 29
5 9 11 19 39
5 9 11 29 39
5 9 12 19 29
5 9 12 19 39
5 9 12 29 39
5 9 13 19 29
5 9 13 19 39
5 9 13 29 39
5 9 14 19 29
5 9 14 19 39
5 9 14 29 39
5 9 15 19 29
5 9 15 19 39
5 9 15 29 39
5 9 16 19 29
5 9 16 19 39
5 9 16 29 39
5 9 17 19 29
5 9 17 19 39
5 9 17 29 39
5 9 18 19 29
5 9 18 19 39
5 9 18 29 39
5 9 19 20 29
5 9 19 20 39
5 9 19 21 29
5 9 19 21 39
5 9 19 22 29
5 9 19 22 39
5 9 19 23 29
5 9 19 23 39
5 9 19 24 29
5 9 19 24 39
5 9 19 25 29
5 9 19 25 39
5 9 19 26 29
5 9 19 26 39
5 9 19 27 29
5 9 19 27 39
5 9 19 28 29
5 9 19 28 39
5 9 19 29 30
5 9 19 29 31
5 9 19 29 32
5 9 19 29 33
5 9 19 29 34
5 9 19 29 35
5 9 19 29 36
5 9 19 29 37
5 9 19 29 38
5 9 19 29 39
5 9 19 29 40
5 9 19 29 41
5 9 19 29 42
5 9 19 29 43
5 9 19 29 44
5 9 19 29 45
5 9 19 30 39
5 9 19 31 39
5 9 19 32 39
5 9 19 33 39
5 9 19 34 39
5 9 19 35 39
5 9 19 36 39
5 9 19 37 39
5 9 19 38 39
5 9 19 39 40
5 9 19 39 41
5 9 19 39 42
5 9 19 39 43
5 9 19 39 44
5 9 19 39 45
5 9 20 29 39
5 9 21 29 39
5 9 22 29 39
5 9 23 29 39
5 9 24 29 39
5 9 25 29 39
5 9 26 29 39
5 9 27 29 39
5 9 28 29 39
5 9 29 30 39
5 9 29 31 39
5 9 29 32 39
5 9 29 33 39
5 9 29 34 39
5 9 29 35 39
5 9 29 36 39
5 9 29 37 39
5 9 29 38 39
5 9 29 39 40
5 9 29 39 41
5 9 29 39 42
5 9 29 39 43
5 9 29 39 44
5 9 29 39 45
5 10 19 29 39
5 11 19 29 39
5 12 19 29 39
5 13 19 29 39
5 14 19 29 39
5 15 19 29 39
5 16 19 29 39
5 17 19 29 39
5 18 19 29 39
5 19 20 29 39
5 19 21 29 39
5 19 22 29 39
5 19 23 29 39
5 19 24 29 39
5 19 25 29 39
5 19 26 29 39
5 19 27 29 39
5 19 28 29 39
5 19 29 30 39
5 19 29 31 39
5 19 29 32 39
5 19 29 33 39
5 19 29 34 39
5 19 29 35 39
5 19 29 36 39
5 19 29 37 39
5 19 29 38 39
5 19 29 39 40
5 19 29 39 41
5 19 29 39 42
5 19 29 39 43
5 19 29 39 44
5 19 29 39 45
6 7 9 19 29
6 7 9 19 39
6 7 9 29 39
6 7 19 29 39
6 8 9 19 29
6 8 9 19 39
6 8 9 29 39
6 8 19 29 39
6 9 10 19 29
6 9 10 19 39
6 9 10 29 39
6 9 11 19 29
6 9 11 19 39
6 9 11 29 39
6 9 12 19 29
6 9 12 19 39
6 9 12 29 39
6 9 13 19 29
6 9 13 19 39
6 9 13 29 39
6 9 14 19 29
6 9 14 19 39
6 9 14 29 39
6 9 15 19 29
6 9 15 19 39
6 9 15 29 39
6 9 16 19 29
6 9 16 19 39
6 9 16 29 39
6 9 17 19 29
6 9 17 19 39
6 9 17 29 39
6 9 18 19 29
6 9 18 19 39
6 9 18 29 39
6 9 19 20 29
6 9 19 20 39
6 9 19 21 29
6 9 19 21 39
6 9 19 22 29
6 9 19 22 39
6 9 19 23 29
6 9 19 23 39
6 9 19 24 29
6 9 19 24 39
6 9 19 25 29
6 9 19 25 39
6 9 19 26 29
6 9 19 26 39
6 9 19 27 29
6 9 19 27 39
6 9 19 28 29
6 9 19 28 39
6 9 19 29 30
6 9 19 29 31
6 9 19 29 32
6 9 19 29 33
6 9 19 29 34
6 9 19 29 35
6 9 19 29 36
6 9 19 29 37
6 9 19 29 38
6 9 19 29 39
6 9 19 29 40
6 9 19 29 41
6 9 19 29 42
6 9 19 29 43
6 9 19 29 44
6 9 19 29 45
6 9 19 30 39
6 9 19 31 39
6 9 19 32 39
6 9 19 33 39
6 9 19 34 39
6 9 19 35 39
6 9 19 36 39
6 9 19 37 39
6 9 19 38 39
6 9 19 39 40
6 9 19 39 41
6 9 19 39 42
6 9 19 39 43
6 9 19 39 44
6 9 19 39 45
6 9 20 29 39
6 9 21 29 39
6 9 22 29 39
6 9 23 29 39
6 9 24 29 39
6 9 25 29 39
6 9 26 29 39
6 9 27 29 39
6 9 28 29 39
6 9 29 30 39
6 9 29 31 39
6 9 29 32 39
6 9 29 33 39
6 9 29 34 39
6 9 29 35 39
6 9 29 36 39
6 9 29 37 39
6 9 29 38 39
6 9 29 39 40
6 9 29 39 41
6 9 29 39 42
6 9 29 39 43
6 9 29 39 44
6 9 29 39 45
6 10 19 29 39
6 11 19 29 39
6 12 19 29 39
6 13 19 29 39
6 14 19 29 39
6 15 19 29 39
6 16 19 29 39
6 17 19 29 39
6 18 19 29 39
6 19 20 29 39
6 19 21 29 39
6 19 22 29 39
6 19 23 29 39
6 19 24 29 39
6 19 25 29 39
6 19 26 29 39
6 19 27 29 39
6 19 28 29 39
6 19 29 30 39
6 19 29 31 39
6 19 29 32 39
6 19 29 33 39
6 19 29 34 39
6 19 29 35 39
6 19 29 36 39
6 19 29 37 39
6 19 29 38 39
6 19 29 39 40
6 19 29 39 41
6 19 29 39 42
6 19 29 39 43
6 19 29 39 44
6 19 29 39 45
7 8 9 19 29
7 8 9 19 39
7 8 9 29 39
7 8 19 29 39
7 9 10 19 29
7 9 10 19 39
7 9 10 29 39
7 9 11 19 29
7 9 11 19 39
7 9 11 29 39
7 9 12 19 29
7 9 12 19 39
7 9 12 29 39
7 9 13 19 29
7 9 13 19 39
7 9 13 29 39
7 9 14 19 29
7 9 14 19 39
7 9 14 29 39
7 9 15 19 29
7 9 15 19 39
7 9 15 29 39
7 9 16 19 29
7 9 16 19 39
7 9 16 29 39
7 9 17 19 29
7 9 17 19 39
7 9 17 29 39
7 9 18 19 29
7 9 18 19 39
7 9 18 29 39
7 9 19 20 29
7 9 19 20 39
7 9 19 21 29
7 9 19 21 39
7 9 19 22 29
7 9 19 22 39
7 9 19 23 29
7 9 19 23 39
7 9 19 24 29
7 9 19 24 39
7 9 19 25 29
7 9 19 25 39
7 9 19 26 29
7 9 19 26 39
7 9 19 27 29
7 9 19 27 39
7 9 19 28 29
7 9 19 28 39
7 9 19 29 30
7 9 19 29 31
7 9 19 29 32
7 9 19 29 33
7 9 19 29 34
7 9 19 29 35
7 9 19 29 36
7 9 19 29 37
7 9 19 29 38
7 9 19 29 39
7 9 19 29 40
7 9 19 29 41
7 9 19 29 42
7 9 19 29 43
7 9 19 29 44
7 9 19 29 45
7 9 19 30 39
7 9 19 31 39
7 9 19 32 39
7 9 19 33 39
7 9 19 34 39
7 9 19 35 39
7 9 19 36 39
7 9 19 37 39
7 9 19 38 39
7 9 19 39 40
7 9 19 39 41
7 9 19 39 42
7 9 19 39 43
7 9 19 39 44
7 9 19 39 45
7 9 20 29 39
7 9 21 29 39
7 9 22 29 39
7 9 23 29 39
7 9 24 29 39
7 9 25 29 39
7 9 26 29 39
7 9 27 29 39
7 9 28 29 39
7 9 29 30 39
7 9 29 31 39
7 9 29 32 39
7 9 29 33 39
7 9 29 34 39
7 9 29 35 39
7 9 29 36 39
7 9 29 37 39
7 9 29 38 39
7 9 29 39 40
7 9 29 39 41
7 9 29 39 42
7 9 29 39 43
7 9 29 39 44
7 9 29 39 45
7 10 19 29 39
7 11 19 29 39
7 12 19 29 39
7 13 19 29 39
7 14 19 29 39
7 15 19 29 39
7 16 19 29 39
7 17 19 29 39
7 18 19 29 39
7 19 20 29 39
7 19 21 29 39
7 19 22 29 39
7 19 23 29 39
7 19 24 29 39
7 19 25 29 39
7 19 26 29 39
7 19 27 29 39
7 19 28 29 39
7 19 29 30 39
7 19 29 31 39
7 19 29 32 39
7 19 29 33 39
7 19 29 34 39
7 19 29 35 39
7 19 29 36 39
7 19 29 37 39
7 19 29 38 39
7 19 29 39 40
7 19 29 39 41
7 19 29 39 42
7 19 29 39 43
7 19 29 39 44
7 19 29 39 45
8 9 10 19 29
8 9 10 19 39
8 9 10 29 39
8 9 11 19 29
8 9 11 19 39
8 9 11 29 39
8 9 12 19 29
8 9 12 19 39
8 9 12 29 39
8 9 13 19 29
8 9 13 19 39
8 9 13 29 39
8 9 14 19 29
8 9 14 19 39
8 9 14 29 39
8 9 15 19 29
8 9 15 19 39
8 9 15 29 39
8 9 16 19 29
8 9 16 19 39
8 9 16 29 39
8 9 17 19 29
8 9 17 19 39
8 9 17 29 39
8 9 18 19 29
8 9 18 19 39
8 9 18 29 39
8 9 19 20 29
8 9 19 20 39
8 9 19 21 29
8 9 19 21 39
8 9 19 22 29
8 9 19 22 39
8 9 19 23 29
8 9 19 23 39
8 9 19 24 29
8 9 19 24 39
8 9 19 25 29
8 9 19 25 39
8 9 19 26 29
8 9 19 26 39
8 9 19 27 29
8 9 19 27 39
8 9 19 28 29
8 9 19 28 39
8 9 19 29 30
8 9 19 29 31
8 9 19 29 32
8 9 19 29 33
8 9 19 29 34
8 9 19 29 35
8 9 19 29 36
8 9 19 29 37
8 9 19 29 38
8 9 19 29 39
8 9 19 29 40
8 9 19 29 41
8 9 19 29 42
8 9 19 29 43
8 9 19 29 44
8 9 19 29 45
8 9 19 30 39
8 9 19 31 39
8 9 19 32 39
8 9 19 33 39
8 9 19 34 39
8 9 19 35 39
8 9 19 36 39
8 9 19 37 39
8 9 19 38 39
8 9 19 39 40
8 9 19 39 41
8 9 19 39 42
8 9 19 39 43
8 9 19 39 44
8 9 19 39 45
8 9 20 29 39
8 9 21 29 39
8 9 22 29 39
8 9 23 29 39
8 9 24 29 39
8 9 25 29 39
8 9 26 29 39
8 9 27 29 39
8 9 28 29 39
8 9 29 30 39
8 9 29 31 39
8 9 29 32 39
8 9 29 33 39
8 9 29 34 39
8 9 29 35 39
8 9 29 36 39
8 9 29 37 39
8 9 29 38 39
8 9 29 39 40
8 9 29 39 41
8 9 29 39 42
8 9 29 39 43
8 9 29 39 44
8 9 29 39 45
8 10 19 29 39
8 11 19 29 39
8 12 19 29 39
8 13 19 29 39
8 14 19 29 39
8 15 19 29 39
8 16 19 29 39
8 17 19 29 39
8 18 19 29 39
8 19 20 29 39
8 19 21 29 39
8 19 22 29 39
8 19 23 29 39
8 19 24 29 39
8 19 25 29 39
8 19 26 29 39
8 19 27 29 39
8 19 28 29 39
8 19 29 30 39
8 19 29 31 39
8 19 29 32 39
8 19 29 33 39
8 19 29 34 39
8 19 29 35 39
8 19 29 36 39
8 19 29 37 39
8 19 29 38 39
8 19 29 39 40
8 19 29 39 41
8 19 29 39 42
8 19 29 39 43
8 19 29 39 44
8 19 29 39 45
9 10 11 19 29
9 10 11 19 39
9 10 11 29 39
9 10 12 19 29
9 10 12 19 39
9 10 12 29 39
9 10 13 19 29
9 10 13 19 39
9 10 13 29 39
9 10 14 19 29
9 10 14 19 39
9 10 14 29 39
9 10 15 19 29
9 10 15 19 39
9 10 15 29 39
9 10 16 19 29
9 10 16 19 39
9 10 16 29 39
9 10 17 19 29
9 10 17 19 39
9 10 17 29 39
9 10 18 19 29
9 10 18 19 39
9 10 18 29 39
9 10 19 20 29
9 10 19 20 39
9 10 19 21 29
9 10 19 21 39
9 10 19 22 29
9 10 19 22 39
9 10 19 23 29
9 10 19 23 39
9 10 19 24 29
9 10 19 24 39
9 10 19 25 29
9 10 19 25 39
9 10 19 26 29
9 10 19 26 39
9 10 19 27 29
9 10 19 27 39
9 10 19 28 29
9 10 19 28 39
9 10 19 29 30
9 10 19 29 31
9 10 19 29 32
9 10 19 29 33
9 10 19 29 34
9 10 19 29 35
9 10 19 29 36
9 10 19 29 37
9 10 19 29 38
9 10 19 29 39
9 10 19 29 40
9 10 19 29 41
9 10 19 29 42
9 10 19 29 43
9 10 19 29 44
9 10 19 29 45
9 10 19 30 39
9 10 19 31 39
9 10 19 32 39
9 10 19 33 39
9 10 19 34 39
9 10 19 35 39
9 10 19 36 39
9 10 19 37 39
9 10 19 38 39
9 10 19 39 40
9 10 19 39 41
9 10 19 39 42
9 10 19 39 43
9 10 19 39 44
9 10 19 39 45
9 10 20 29 39
9 10 21 29 39
9 10 22 29 39
9 10 23 29 39
9 10 24 29 39
9 10 25 29 39
9 10 26 29 39
9 10 27 29 39
9 10 28 29 39
9 10 29 30 39
9 10 29 31 39
9 10 29 32 39
9 10 29 33 39
9 10 29 34 39
9 10 29 35 39
9 10 29 36 39
9 10 29 37 39
9 10 29 38 39
9 10 29 39 40
9 10 29 39 41
9 10 29 39 42
9 10 29 39 43
9 10 29 39 44
9 10 29 39 45
9 11 12 19 29
9 11 12 19 39
9 11 12 29 39
9 11 13 19 29
9 11 13 19 39
9 11 13 29 39
9 11 14 19 29
9 11 14 19 39
9 11 14 29 39
9 11 15 19 29
9 11 15 19 39
9 11 15 29 39
9 11 16 19 29
9 11 16 19 39
9 11 16 29 39
9 11 17 19 29
9 11 17 19 39
9 11 17 29 39
9 11 18 19 29
9 11 18 19 39
9 11 18 29 39
9 11 19 20 29
9 11 19 20 39
9 11 19 21 29
9 11 19 21 39
9 11 19 22 29
9 11 19 22 39
9 11 19 23 29
9 11 19 23 39
9 11 19 24 29
9 11 19 24 39
9 11 19 25 29
9 11 19 25 39
9 11 19 26 29
9 11 19 26 39
9 11 19 27 29
9 11 19 27 39
9 11 19 28 29
9 11 19 28 39
9 11 19 29 30
9 11 19 29 31
9 11 19 29 32
9 11 19 29 33
9 11 19 29 34
9 11 19 29 35
9 11 19 29 36
9 11 19 29 37
9 11 19 29 38
9 11 19 29 39
9 11 19 29 40
9 11 19 29 41
9 11 19 29 42
9 11 19 29 43
9 11 19 29 44
9 11 19 29 45
9 11 19 30 39
9 11 19 31 39
9 11 19 32 39
9 11 19 33 39
9 11 19 34 39
9 11 19 35 39
9 11 19 36 39
9 11 19 37 39
9 11 19 38 39
9 11 19 39 40
9 11 19 39 41
9 11 19 39 42
9 11 19 39 43
9 11 19 39 44
9 11 19 39 45
9 11 20 29 39
9 11 21 29 39
9 11 22 29 39
9 11 23 29 39
9 11 24 29 39
9 11 25 29 39
9 11 26 29 39
9 11 27 29 39
9 11 28 29 39
9 11 29 30 39
9 11 29 31 39
9 11 29 32 39
9 11 29 33 39
9 11 29 34 39
9 11 29 35 39
9 11 29 36 39
9 11 29 37 39
9 11 29 38 39
9 11 29 39 40
9 11 29 39 41
9 11 29 39 42
9 11 29 39 43
9 11 29 39 44
9 11 29 39 45
9 12 13 19 29
9 12 13 19 39
9 12 13 29 39
9 12 14 19 29
9 12 14 19 39
9 12 14 29 39
9 12 15 19 29
9 12 15 19 39
9 12 15 29 39
9 12 16 19 29
9 12 16 19 39
9 12 16 29 39
9 12 17 19 29
9 12 17 19 39
9 12 17 29 39
9 12 18 19 29
9 12 18 19 39
9 12 18 29 39
9 12 19 20 29
9 12 19 20 39
9 12 19 21 29
9 12 19 21 39
9 12 19 22 29
9 12 19 22 39
9 12 19 23 29
9 12 19 23 39
9 12 19 24 29
9 12 19 24 39
9 12 19 25 29
9 12 19 25 39
9 12 19 26 29
9 12 19 26 39
9 12 19 27 29
9 12 19 27 39
9 12 19 28 29
9 12 19 28 39
9 12 19 29 30
9 12 19 29 31
9 12 19 29 32
9 12 19 29 33
9 12 19 29 34
9 12 19 29 35
9 12 19 29 36
9 12 19 29 37
9 12 19 29 38
9 12 19 29 39
9 12 19 29 40
9 12 19 29 41
9 12 19 29 42
9 12 19 29 43
9 12 19 29 44
9 12 19 29 45
9 12 19 30 39
9 12 19 31 39
9 12 19 32 39
9 12 19 33 39
9 12 19 34 39
9 12 19 35 39
9 12 19 36 39
9 12 19 37 39
9 12 19 38 39
9 12 19 39 40
9 12 19 39 41
9 12 19 39 42
9 12 19 39 43
9 12 19 39 44
9 12 19 39 45
9 12 20 29 39
9 12 21 29 39
9 12 22 29 39
9 12 23 29 39
9 12 24 29 39
9 12 25 29 39
9 12 26 29 39
9 12 27 29 39
9 12 28 29 39
9 12 29 30 39
9 12 29 31 39
9 12 29 32 39
9 12 29 33 39
9 12 29 34 39
9 12 29 35 39
9 12 29 36 39
9 12 29 37 39
9 12 29 38 39
9 12 29 39 40
9 12 29 39 41
9 12 29 39 42
9 12 29 39 43
9 12 29 39 44
9 12 29 39 45
9 13 14 19 29
9 13 14 19 39
9 13 14 29 39
9 13 15 19 29
9 13 15 19 39
9 13 15 29 39
9 13 16 19 29
9 13 16 19 39
9 13 16 29 39
9 13 17 19 29
9 13 17 19 39
9 13 17 29 39
9 13 18 19 29
9 13 18 19 39
9 13 18 29 39
9 13 19 20 29
9 13 19 20 39
9 13 19 21 29
9 13 19 21 39
9 13 19 22 29
9 13 19 22 39
9 13 19 23 29
9 13 19 23 39
9 13 19 24 29
9 13 19 24 39
9 13 19 25 29
9 13 19 25 39
9 13 19 26 29
9 13 19 26 39
9 13 19 27 29
9 13 19 27 39
9 13 19 28 29
9 13 19 28 39
9 13 19 29 30
9 13 19 29 31
9 13 19 29 32
9 13 19 29 33
9 13 19 29 34
9 13 19 29 35
9 13 19 29 36
9 13 19 29 37
9 13 19 29 38
9 13 19 29 39
9 13 19 29 40
9 13 19 29 41
9 13 19 29 42
9 13 19 29 43
9 13 19 29 44
9 13 19 29 45
9 13 19 30 39
9 13 19 31 39
9 13 19 32 39
9 13 19 33 39
9 13 19 34 39
9 13 19 35 39
9 13 19 36 39
9 13 19 37 39
9 13 19 38 39
9 13 19 39 40
9 13 19 39 41
9 13 19 39 42
9 13 19 39 43
9 13 19 39 44
9 13 19 39 45
9 13 20 29 39
9 13 21 29 39
9 13 22 29 39
9 13 23 29 39
9 13 24 29 39
9 13 25 29 39
9 13 26 29 39
9 13 27 29 39
9 13 28 29 39
9 13 29 30 39
9 13 29 31 39
9 13 29 32 39
9 13 29 33 39
9 13 29 34 39
9 13 29 35 39
9 13 29 36 39
9 13 29 37 39
9 13 29 38 39
9 13 29 39 40
9 13 29 39 41
9 13 29 39 42
9 13 29 39 43
9 13 29 39 44
9 13 29 39 45
9 14 15 19 29
9 14 15 19 39
9 14 15 29 39
9 14 16 19 29
9 14 16 19 39
9 14 16 29 39
9 14 17 19 29
9 14 17 19 39
9 14 17 29 39
9 14 18 19 29
9 14 18 19 39
9 14 18 29 39
9 14 19 20 29
9 14 19 20 39
9 14 19 21 29
9 14 19 21 39
9 14 19 22 29
9 14 19 22 39
9 14 19 23 29
9 14 19 23 39
9 14 19 24 29
9 14 19 24 39
9 14 19 25 29
9 14 19 25 39
9 14 19 26 29
9 14 19 26 39
9 14 19 27 29
9 14 19 27 39
9 14 19 28 29
9 14 19 28 39
9 14 19 29 30
9 14 19 29 31
9 14 19 29 32
9 14 19 29 33
9 14 19 29 34
9 14 19 29 35
9 14 19 29 36
9 14 19 29 37
9 14 19 29 38
9 14 19 29 39
9 14 19 29 40
9 14 19 29 41
9 14 19 29 42
9 14 19 29 43
9 14 19 29 44
9 14 19 29 45
9 14 19 30 39
9 14 19 31 39
9 14 19 32 39
9 14 19 33 39
9 14 19 34 39
9 14 19 35 39
9 14 19 36 39
9 14 19 37 39
9 14 19 38 39
9 14 19 39 40
9 14 19 39 41
9 14 19 39 42
9 14 19 39 43
9 14 19 39 44
9 14 19 39 45
9 14 20 29 39
9 14 21 29 39
9 14 22 29 39
9 14 23 29 39
9 14 24 29 39
9 14 25 29 39
9 14 26 29 39
9 14 27 29 39
9 14 28 29 39
9 14 29 30 39
9 14 29 31 39
9 14 29 32 39
9 14 29 33 39
9 14 29 34 39
9 14 29 35 39
9 14 29 36 39
9 14 29 37 39
9 14 29 38 39
9 14 29 39 40
9 14 29 39 41
9 14 29 39 42
9 14 29 39 43
9 14 29 39 44
9 14 29 39 45
9 15 16 19 29
9 15 16 19 39
9 15 16 29 39
9 15 17 19 29
9 15 17 19 39
9 15 17 29 39
9 15 18 19 29
9 15 18 19 39
9 15 18 29 39
9 15 19 20 29
9 15 19 20 39
9 15 19 21 29
9 15 19 21 39
9 15 19 22 29
9 15 19 22 39
9 15 19 23 29
9 15 19 23 39
9 15 19 24 29
9 15 19 24 39
9 15 19 25 29
9 15 19 25 39
9 15 19 26 29
9 15 19 26 39
9 15 19 27 29
9 15 19 27 39
9 15 19 28 29
9 15 19 28 39
9 15 19 29 30
9 15 19 29 31
9 15 19 29 32
9 15 19 29 33
9 15 19 29 34
9 15 19 29 35
9 15 19 29 36
9 15 19 29 37
9 15 19 29 38
9 15 19 29 39
9 15 19 29 40
9 15 19 29 41
9 15 19 29 42
9 15 19 29 43
9 15 19 29 44
9 15 19 29 45
9 15 19 30 39
9 15 19 31 39
9 15 19 32 39
9 15 19 33 39
9 15 19 34 39
9 15 19 35 39
9 15 19 36 39
9 15 19 37 39
9 15 19 38 39
9 15 19 39 40
9 15 19 39 41
9 15 19 39 42
9 15 19 39 43
9 15 19 39 44
9 15 19 39 45
9 15 20 29 39
9 15 21 29 39
9 15 22 29 39
9 15 23 29 39
9 15 24 29 39
9 15 25 29 39
9 15 26 29 39
9 15 27 29 39
9 15 28 29 39
9 15 29 30 39
9 15 29 31 39
9 15 29 32 39
9 15 29 33 39
9 15 29 34 39
9 15 29 35 39
9 15 29 36 39
9 15 29 37 39
9 15 29 38 39
9 15 29 39 40
9 15 29 39 41
9 15 29 39 42
9 15 29 39 43
9 15 29 39 44
9 15 29 39 45
9 16 17 19 29
9 16 17 19 39
9 16 17 29 39
9 16 18 19 29
9 16 18 19 39
9 16 18 29 39
9 16 19 20 29
9 16 19 20 39
9 16 19 21 29
9 16 19 21 39
9 16 19 22 29
9 16 19 22 39
9 16 19 23 29
9 16 19 23 39
9 16 19 24 29
9 16 19 24 39
9 16 19 25 29
9 16 19 25 39
9 16 19 26 29
9 16 19 26 39
9 16 19 27 29
9 16 19 27 39
9 16 19 28 29
9 16 19 28 39
9 16 19 29 30
9 16 19 29 31
9 16 19 29 32
9 16 19 29 33
9 16 19 29 34
9 16 19 29 35
9 16 19 29 36
9 16 19 29 37
9 16 19 29 38
9 16 19 29 39
9 16 19 29 40
9 16 19 29 41
9 16 19 29 42
9 16 19 29 43
9 16 19 29 44
9 16 19 29 45
9 16 19 30 39
9 16 19 31 39
9 16 19 32 39
9 16 19 33 39
9 16 19 34 39
9 16 19 35 39
9 16 19 36 39
9 16 19 37 39
9 16 19 38 39
9 16 19 39 40
9 16 19 39 41
9 16 19 39 42
9 16 19 39 43
9 16 19 39 44
9 16 19 39 45
9 16 20 29 39
9 16 21 29 39
9 16 22 29 39
9 16 23 29 39
9 16 24 29 39
9 16 25 29 39
9 16 26 29 39
9 16 27 29 39
9 16 28 29 39
9 16 29 30 39
9 16 29 31 39
9 16 29 32 39
9 16 29 33 39
9 16 29 34 39
9 16 29 35 39
9 16 29 36 39
9 16 29 37 39
9 16 29 38 39
9 16 29 39 40
9 16 29 39 41
9 16 29 39 42
9 16 29 39 43
9 16 29 39 44
9 16 29 39 45
9 17 18 19 29
9 17 18 19 39
9 17 18 29 39
9 17 19 20 29
9 17 19 20 39
9 17 19 21 29
9 17 19 21 39
9 17 19 22 29
9 17 19 22 39
9 17 19 23 29
9 17 19 23 39
9 17 19 24 29
9 17 19 24 39
9 17 19 25 29
9 17 19 25 39
9 17 19 26 29
9 17 19 26 39
9 17 19 27 29
9 17 19 27 39
9 17 19 28 29
9 17 19 28 39
9 17 19 29 30
9 17 19 29 31
9 17 19 29 32
9 17 19 29 33
9 17 19 29 34
9 17 19 29 35
9 17 19 29 36
9 17 19 29 37
9 17 19 29 38
9 17 19 29 39
9 17 19 29 40
9 17 19 29 41
9 17 19 29 42
9 17 19 29 43
9 17 19 29 44
9 17 19 29 45
9 17 19 30 39
9 17 19 31 39
9 17 19 32 39
9 17 19 33 39
9 17 19 34 39
9 17 19 35 39
9 17 19 36 39
9 17 19 37 39
9 17 19 38 39
9 17 19 39 40
9 17 19 39 41
9 17 19 39 42
9 17 19 39 43
9 17 19 39 44
9 17 19 39 45
9 17 20 29 39
9 17 21 29 39
9 17 22 29 39
9 17 23 29 39
9 17 24 29 39
9 17 25 29 39
9 17 26 29 39
9 17 27 29 39
9 17 28 29 39
9 17 29 30 39
9 17 29 31 39
9 17 29 32 39
9 17 29 33 39
9 17 29 34 39
9 17 29 35 39
9 17 29 36 39
9 17 29 37 39
9 17 29 38 39
9 17 29 39 40
9 17 29 39 41
9 17 29 39 42
9 17 29 39 43
9 17 29 39 44
9 17 29 39 45
9 18 19 20 29
9 18 19 20 39
9 18 19 21 29
9 18 19 21 39
9 18 19 22 29
9 18 19 22 39
9 18 19 23 29
9 18 19 23 39
9 18 19 24 29
9 18 19 24 39
9 18 19 25 29
9 18 19 25 39
9 18 19 26 29
9 18 19 26 39
9 18 19 27 29
9 18 19 27 39
9 18 19 28 29
9 18 19 28 39
9 18 19 29 30
9 18 19 29 31
9 18 19 29 32
9 18 19 29 33
9 18 19 29 34
9 18 19 29 35
9 18 19 29 36
9 18 19 29 37
9 18 19 29 38
9 18 19 29 39
9 18 19 29 40
9 18 19 29 41
9 18 19 29 42
9 18 19 29 43
9 18 19 29 44
9 18 19 29 45
9 18 19 30 39
9 18 19 31 39
9 18 19 32 39
9 18 19 33 39
9 18 19 34 39
9 18 19 35 39
9 18 19 36 39
9 18 19 37 39
9 18 19 38 39
9 18 19 39 40
9 18 19 39 41
9 18 19 39 42
9 18 19 39 43
9 18 19 39 44
9 18 19 39 45
9 18 20 29 39
9 18 21 29 39
9 18 22 29 39
9 18 23 29 39
9 18 24 29 39
9 18 25 29 39
9 18 26 29 39
9 18 27 29 39
9 18 28 29 39
9 18 29 30 39
9 18 29 31 39
9 18 29 32 39
9 18 29 33 39
9 18 29 34 39
9 18 29 35 39
9 18 29 36 39
9 18 29 37 39
9 18 29 38 39
9 18 29 39 40
9 18 29 39 41
9 18 29 39 42
9 18 29 39 43
9 18 29 39 44
9 18 29 39 45
9 19 20 21 29
9 19 20 21 39
9 19 20 22 29
9 19 20 22 39
9 19 20 23 29
9 19 20 23 39
9 19 20 24 29
9 19 20 24 39
9 19 20 25 29
9 19 20 25 39
9 19 20 26 29
9 19 20 26 39
9 19 20 27 29
9 19 20 27 39
9 19 20 28 29
9 19 20 28 39
9 19 20 29 30
9 19 20 29 31
9 19 20 29 32
9 19 20 29 33
9 19 20 29 34
9 19 20 29 35
9 19 20 29 36
9 19 20 29 37
9 19 20 29 38
9 19 20 29 39
9 19 20 29 40
9 19 20 29 41
9 19 20 29 42
9 19 20 29 43
9 19 20 29 44
9 19 20 29 45
9 19 20 30 39
9 19 20 31 39
9 19 20 32 39
9 19 20 33 39
9 19 20 34 39
9 19 20 35 39
9 19 20 36 39
9 19 20 37 39
9 19 20 38 39
9 19 20 39 40
9 19 20 39 41
9 19 20 39 42
9 19 20 39 43
9 19 20 39 44
9 19 20 39 45
9 19 21 22 29
9 19 21 22 39
9 19 21 23 29
9 19 21 23 39
9 19 21 24 29
9 19 21 24 39
9 19 21 25 29
9 19 21 25 39
9 19 21 26 29
9 19 21 26 39
9 19 21 27 29
9 19 21 27 39
9 19 21 28 29
9 19 21 28 39
9 19 21 29 30
9 19 21 29 31
9 19 21 29 32
9 19 21 29 33
9 19 21 29 34
9 19 21 29 35
9 19 21 29 36
9 19 21 29 37
9 19 21 29 38
9 19 21 29 39
9 19 21 29 40
9 19 21 29 41
9 19 21 29 42
9 19 21 29 43
9 19 21 29 44
9 19 21 29 45
9 19 21 30 39
9 19 21 31 39
9 19 21 32 39
9 19 21 33 39
9 19 21 34 39
9 19 21 35 39
9 19 21 36 39
9 19 21 37 39
9 19 21 38 39
9 19 21 39 40
9 19 21 39 41
9 19 21 39 42
9 19 21 39 43
9 19 21 39 44
9 19 21 39 45
9 19 22 23 29
9 19 22 23 39
9 19 22 24 29
9 19 22 24 39
9 19 22 25 29
9 19 22 25 39
9 19 22 26 29
9 19 22 26 39
9 19 22 27 29
9 19 22 27 39
9 19 22 28 29
9 19 22 28 39
9 19 22 29 30
9 19 22 29 31
9 19 22 29 32
9 19 22 29 33
9 19 22 29 34
9 19 22 29 35
9 19 22 29 36
9 19 22 29 37
9 19 22 29 38
9 19 22 29 39
9 19 22 29 40
9 19 22 29 41
9 19 22 29 42
9 19 22 29 43
9 19 22 29 44
9 19 22 29 45
9 19 22 30 39
9 19 22 31 39
9 19 22 32 39
9 19 22 33 39
9 19 22 34 39
9 19 22 35 39
9 19 22 36 39
9 19 22 37 39
9 19 22 38 39
9 19 22 39 40
9 19 22 39 41
9 19 22 39 42
9 19 22 39 43
9 19 22 39 44
9 19 22 39 45
9 19 23 24 29
9 19 23 24 39
9 19 23 25 29
9 19 23 25 39
9 19 23 26 29
9 19 23 26 39
9 19 23 27 29
9 19 23 27 39
9 19 23 28 29
9 19 23 28 39
9 19 23 29 30
9 19 23 29 31
9 19 23 29 32
9 19 23 29 33
9 19 23 29 34
9 19 23 29 35
9 19 23 29 36
9 19 23 29 37
9 19 23 29 38
9 19 23 29 39
9 19 23 29 40
9 19 23 29 41
9 19 23 29 42
9 19 23 29 43
9 19 23 29 44
9 19 23 29 45
9 19 23 30 39
9 19 23 31 39
9 19 23 32 39
9 19 23 33 39
9 19 23 34 39
9 19 23 35 39
9 19 23 36 39
9 19 23 37 39
9 19 23 38 39
9 19 23 39 40
9 19 23 39 41
9 19 23 39 42
9 19 23 39 43
9 19 23 39 44
9 19 23 39 45
9 19 24 25 29
9 19 24 25 39
9 19 24 26 29
9 19 24 26 39
9 19 24 27 29
9 19 24 27 39
9 19 24 28 29
9 19 24 28 39
9 19 24 29 30
9 19 24 29 31
9 19 24 29 32
9 19 24 29 33
9 19 24 29 34
9 19 24 29 35
9 19 24 29 36
9 19 24 29 37
9 19 24 29 38
9 19 24 29 39
9 19 24 29 40
9 19 24 29 41
9 19 24 29 42
9 19 24 29 43
9 19 24 29 44
9 19 24 29 45
9 19 24 30 39
9 19 24 31 39
9 19 24 32 39
9 19 24 33 39
9 19 24 34 39
9 19 24 35 39
9 19 24 36 39
9 19 24 37 39
9 19 24 38 39
9 19 24 39 40
9 19 24 39 41
9 19 24 39 42
9 19 24 39 43
9 19 24 39 44
9 19 24 39 45
9 19 25 26 29
9 19 25 26 39
9 19 25 27 29
9 19 25 27 39
9 19 25 28 29
9 19 25 28 39
9 19 25 29 30
9 19 25 29 31
9 19 25 29 32
9 19 25 29 33
9 19 25 29 34
9 19 25 29 35
9 19 25 29 36
9 19 25 29 37
9 19 25 29 38
9 19 25 29 39
9 19 25 29 40
9 19 25 29 41
9 19 25 29 42
9 19 25 29 43
9 19 25 29 44
9 19 25 29 45
9 19 25 30 39
9 19 25 31 39
9 19 25 32 39
9 19 25 33 39
9 19 25 34 39
9 19 25 35 39
9 19 25 36 39
9 19 25 37 39
9 19 25 38 39
9 19 25 39 40
9 19 25 39 41
9 19 25 39 42
9 19 25 39 43
9 19 25 39 44
9 19 25 39 45
9 19 26 27 29
9 19 26 27 39
9 19 26 28 29
9 19 26 28 39
9 19 26 29 30
9 19 26 29 31
9 19 26 29 32
9 19 26 29 33
9 19 26 29 34
9 19 26 29 35
9 19 26 29 36
9 19 26 29 37
9 19 26 29 38
9 19 26 29 39
9 19 26 29 40
9 19 26 29 41
9 19 26 29 42
9 19 26 29 43
9 19 26 29 44
9 19 26 29 45
9 19 26 30 39
9 19 26 31 39
9 19 26 32 39
9 19 26 33 39
9 19 26 34 39
9 19 26 35 39
9 19 26 36 39
9 19 26 37 39
9 19 26 38 39
9 19 26 39 40
9 19 26 39 41
9 19 26 39 42
9 19 26 39 43
9 19 26 39 44
9 19 26 39 45
9 19 27 28 29
9 19 27 28 39
9 19 27 29 30
9 19 27 29 31
9 19 27 29 32
9 19 27 29 33
9 19 27 29 34
9 19 27 29 35
9 19 27 29 36
9 19 27 29 37
9 19 27 29 38
9 19 27 29 39
9 19 27 29 40
9 19 27 29 41
9 19 27 29 42
9 19 27 29 43
9 19 27 29 44
9 19 27 29 45
9 19 27 30 39
9 19 27 31 39
9 19 27 32 39
9 19 27 33 39
9 19 27 34 39
9 19 27 35 39
9 19 27 36 39
9 19 27 37 39
9 19 27 38 39
9 19 27 39 40
9 19 27 39 41
9 19 27 39 42
9 19 27 39 43
9 19 27 39 44
9 19 27 39 45
9 19 28 29 30
9 19 28 29 31
9 19 28 29 32
9 19 28 29 33
9 19 28 29 34
9 19 28 29 35
9 19 28 29 36
9 19 28 29 37
9 19 28 29 38
9 19 28 29 39
9 19 28 29 40
9 19 28 29 41
9 19 28 29 42
9 19 28 29 43
9 19 28 29 44
9 19 28 29 45
9 19 28 30 39
9 19 28 31 39
9 19 28 32 39
9 19 28 33 39
9 19 28 34 39
9 19 28 35 39
9 19 28 36 39
9 19 28 37 39
9 19 28 38 39
9 19 28 39 40
9 19 28 39 41
9 19 28 39 42
9 19 28 39 43
9 19 28 39 44
9 19 28 39 45
9 19 29 30 31
9 19 29 30 32
9 19 29 30 33
9 19 29 30 34
9 19 29 30 35
9 19 29 30 36
9 19 29 30 37
9 19 29 30 38
9 19 29 30 39
9 19 29 30 40
9 19 29 30 41
9 19 29 30 42
9 19 29 30 43
9 19 29 30 44
9 19 29 30 45
9 19 29 31 32
9 19 29 31 33
9 19 29 31 34
9 19 29 31 35
9 19 29 31 36
9 19 29 31 37
9 19 29 31 38
9 19 29 31 39
9 19 29 31 40
9 19 29 31 41
9 19 29 31 42
9 19 29 31 43
9 19 29 31 44
9 19 29 31 45
9 19 29 32 33
9 19 29 32 34
9 19 29 32 35
9 19 29 32 36
9 19 29 32 37
9 19 29 32 38
9 19 29 32 39
9 19 29 32 40
9 19 29 32 41
9 19 29 32 42
9 19 29 32 43
9 19 29 32 44
9 19 29 32 45
9 19 29 33 34
9 19 29 33 35
9 19 29 33 36
9 19 29 33 37
9 19 29 33 38
9 19 29 33 39
9 19 29 33 40
9 19 29 33 41
9 19 29 33 42
9 19 29 33 43
9 19 29 33 44
9 19 29 33 45
9 19 29 34 35
9 19 29 34 36
9 19 29 34 37
9 19 29 34 38
9 19 29 34 39
9 19 29 34 40
9 19 29 34 41
9 19 29 34 42
9 19 29 34 43
9 19 29 34 44
9 19 29 34 45
9 19 29 35 36
9 19 29 35 37
9 19 29 35 38
9 19 29 35 39
9 19 29 35 40
9 19 29 35 41
9 19 29 35 42
9 19 29 35 43
9 19 29 35 44
9 19 29 35 45
9 19 29 36 37
9 19 29 36 38
9 19 29 36 39
9 19 29 36 40
9 19 29 36 41
9 19 29 36 42
9 19 29 36 43
9 19 29 36 44
9 19 29 36 45
9 19 29 37 38
9 19 29 37 39
9 19 29 37 40
9 19 29 37 41
9 19 29 37 42
9 19 29 37 43
9 19 29 37 44
9 19 29 37 45
9 19 29 38 39
9 19 29 38 40
9 19 29 38 41
9 19 29 38 42
9 19 29 38 43
9 19 29 38 44
9 19 29 38 45
9 19 29 39 40
9 19 29 39 41
9 19 29 39 42
9 19 29 39 43
9 19 29 39 44
9 19 29 39 45
9 19 29 40 41
9 19 29 40 42
9 19 29 40 43
9 19 29 40 44
9 19 29 40 45
9 19 29 41 42
9 19 29 41 43
9 19 29 41 44
9 19 29 41 45
9 19 29 42 43
9 19 29 42 44
9 19 29 42 45
9 19 29 43 44
9 19 29 43 45
9 19 29 44 45
9 19 30 31 39
9 19 30 32 39
9 19 30 33 39
9 19 30 34 39
9 19 30 35 39
9 19 30 36 39
9 19 30 37 39
9 19 30 38 39
9 19 30 39 40
9 19 30 39 41
9 19 30 39 42
9 19 30 39 43
9 19 30 39 44
9 19 30 39 45
9 19 31 32 39
9 19 31 33 39
9 19 31 34 39
9 19 31 35 39
9 19 31 36 39
9 19 31 37 39
9 19 31 38 39
9 19 31 39 40
9 19 31 39 41
9 19 31 39 42
9 19 31 39 43
9 19 31 39 44
9 19 31 39 45
9 19 32 33 39
9 19 32 34 39
9 19 32 35 39
9 19 32 36 39
9 19 32 37 39
9 19 32 38 39
9 19 32 39 40
9 19 32 39 41
9 19 32 39 42
9 19 32 39 43
9 19 32 39 44
9 19 32 39 45
9 19 33 34 39
9 19 33 35 39
9 19 33 36 39
9 19 33 37 39
9 19 33 38 39
9 19 33 39 40
9 19 33 39 41
9 19 33 39 42
9 19 33 39 43
9 19 33 39 44
9 19 33 39 45
9 19 34 35 39
9 19 34 36 39
9 19 34 37 39
9 19 34 38 39
9 19 34 39 40
9 19 34 39 41
9 19 34 39 42
9 19 34 39 43
9 19 34 39 44
9 19 34 39 45
9 19 35 36 39
9 19 35 37 39
9 19 35 38 39
9 19 35 39 40
9 19 35 39 41
9 19 35 39 42
9 19 35 39 43
9 19 35 39 44
9 19 35 39 45
9 19 36 37 39
9 19 36 38 39
9 19 36 39 40
9 19 36 39 41
9 19 36 39 42
9 19 36 39 43
9 19 36 39 44
9 19 36 39 45
9 19 37 38 39
9 19 37 39 40
9 19 37 39 41
9 19 37 39 42
9 19 37 39 43
9 19 37 39 44
9 19 37 39 45
9 19 38 39 40
9 19 38 39 41
9 19 38 39 42
9 19 38 39 43
9 19 38 39 44
9 19 38 39 45
9 19 39 40 41
9 19 39 40 42
9 19 39 40 43
9 19 39 40 44
9 19 39 40 45
9 19 39 41 42
9 19 39 41 43
9 19 39 41 44
9 19 39 41 45
9 19 39 42 43
9 19 39 42 44
9 19 39 42 45
9 19 39 43 44
9 19 39 43 45
9 19 39 44 45
9 20 21 29 39
9 20 22 29 39
9 20 23 29 39
9 20 24 29 39
9 20 25 29 39
9 20 26 29 39
9 20 27 29 39
9 20 28 29 39
9 20 29 30 39
9 20 29 31 39
9 20 29 32 39
9 20 29 33 39
9 20 29 34 39
9 20 29 35 39
9 20 29 36 39
9 20 29 37 39
9 20 29 38 39
9 20 29 39 40
9 20 29 39 41
9 20 29 39 42
9 20 29 39 43
9 20 29 39 44
9 20 29 39 45
9 21 22 29 39
9 21 23 29 39
9 21 24 29 39
9 21 25 29 39
9 21 26 29 39
9 21 27 29 39
9 21 28 29 39
9 21 29 30 39
9 21 29 31 39
9 21 29 32 39
9 21 29 33 39
9 21 29 34 39
9 21 29 35 39
9 21 29 36 39
9 21 29 37 39
9 21 29 38 39
9 21 29 39 40
9 21 29 39 41
9 21 29 39 42
9 21 29 39 43
9 21 29 39 44
9 21 29 39 45
9 22 23 29 39
9 22 24 29 39
9 22 25 29 39
9 22 26 29 39
9 22 27 29 39
9 22 28 29 39
9 22 29 30 39
9 22 29 31 39
9 22 29 32 39
9 22 29 33 39
9 22 29 34 39
9 22 29 35 39
9 22 29 36 39
9 22 29 37 39
9 22 29 38 39
9 22 29 39 40
9 22 29 39 41
9 22 29 39 42
9 22 29 39 43
9 22 29 39 44
9 22 29 39 45
9 23 24 29 39
9 23 25 29 39
9 23 26 29 39
9 23 27 29 39
9 23 28 29 39
9 23 29 30 39
9 23 29 31 39
9 23 29 32 39
9 23 29 33 39
9 23 29 34 39
9 23 29 35 39
9 23 29 36 39
9 23 29 37 39
9 23 29 38 39
9 23 29 39 40
9 23 29 39 41
9 23 29 39 42
9 23 29 39 43
9 23 29 39 44
9 23 29 39 45
9 24 25 29 39
9 24 26 29 39
9 24 27 29 39
9 24 28 29 39
9 24 29 30 39
9 24 29 31 39
9 24 29 32 39
9 24 29 33 39
9 24 29 34 39
9 24 29 35 39
9 24 29 36 39
9 24 29 37 39
9 24 29 38 39
9 24 29 39 40
9 24 29 39 41
9 24 29 39 42
9 24 29 39 43
9 24 29 39 44
9 24 29 39 45
9 25 26 29 39
9 25 27 29 39
9 25 28 29 39
9 25 29 30 39
9 25 29 31 39
9 25 29 32 39
9 25 29 33 39
9 25 29 34 39
9 25 29 35 39
9 25 29 36 39
9 25 29 37 39
9 25 29 38 39
9 25 29 39 40
9 25 29 39 41
9 25 29 39 42
9 25 29 39 43
9 25 29 39 44
9 25 29 39 45
9 26 27 29 39
9 26 28 29 39
9 26 29 30 39
9 26 29 31 39
9 26 29 32 39
9 26 29 33 39
9 26 29 34 39
9 26 29 35 39
9 26 29 36 39
9 26 29 37 39
9 26 29 38 39
9 26 29 39 40
9 26 29 39 41
9 26 29 39 42
9 26 29 39 43
9 26 29 39 44
9 26 29 39 45
9 27 28 29 39
9 27 29 30 39
9 27 29 31 39
9 27 29 32 39
9 27 29 33 39
9 27 29 34 39
9 27 29 35 39
9 27 29 36 39
9 27 29 37 39
9 27 29 38 39
9 27 29 39 40
9 27 29 39 41
9 27 29 39 42
9 27 29 39 43
9 27 29 39 44
9 27 29 39 45
9 28 29 30 39
9 28 29 31 39
9 28 29 32 39
9 28 29 33 39
9 28 29 34 39
9 28 29 35 39
9 28 29 36 39
9 28 29 37 39
9 28 29 38 39
9 28 29 39 40
9 28 29 39 41
9 28 29 39 42
9 28 29 39 43
9 28 29 39 44
9 28 29 39 45
9 29 30 31 39
9 29 30 32 39
9 29 30 33 39
9 29 30 34 39
9 29 30 35 39
9 29 30 36 39
9 29 30 37 39
9 29 30 38 39
9 29 30 39 40
9 29 30 39 41
9 29 30 39 42
9 29 30 39 43
9 29 30 39 44
9 29 30 39 45
9 29 31 32 39
9 29 31 33 39
9 29 31 34 39
9 29 31 35 39
9 29 31 36 39
9 29 31 37 39
9 29 31 38 39
9 29 31 39 40
9 29 31 39 41
9 29 31 39 42
9 29 31 39 43
9 29 31 39 44
9 29 31 39 45
9 29 32 33 39
9 29 32 34 39
9 29 32 35 39
9 29 32 36 39
9 29 32 37 39
9 29 32 38 39
9 29 32 39 40
9 29 32 39 41
9 29 32 39 42
9 29 32 39 43
9 29 32 39 44
9 29 32 39 45
9 29 33 34 39
9 29 33 35 39
9 29 33 36 39
9 29 33 37 39
9 29 33 38 39
9 29 33 39 40
9 29 33 39 41
9 29 33 39 42
9 29 33 39 43
9 29 33 39 44
9 29 33 39 45
9 29 34 35 39
9 29 34 36 39
9 29 34 37 39
9 29 34 38 39
9 29 34 39 40
9 29 34 39 41
9 29 34 39 42
9 29 34 39 43
9 29 34 39 44
9 29 34 39 45
9 29 35 36 39
9 29 35 37 39
9 29 35 38 39
9 29 35 39 40
9 29 35 39 41
9 29 35 39 42
9 29 35 39 43
9 29 35 39 44
9 29 35 39 45
9 29 36 37 39
9 29 36 38 39
9 29 36 39 40
9 29 36 39 41
9 29 36 39 42
9 29 36 39 43
9 29 36 39 44
9 29 36 39 45
9 29 37 38 39
9 29 37 39 40
9 29 37 39 41
9 29 37 39 42
9 29 37 39 43
9 29 37 39 44
9 29 37 39 45
9 29 38 39 40
9 29 38 39 41
9 29 38 39 42
9 29 38 39 43
9 29 38 39 44
9 29 38 39 45
9 29 39 40 41
9 29 39 40 42
9 29 39 40 43
9 29 39 40 44
9 29 39 40 45
9 29 39 41 42
9 29 39 41 43
9 29 39 41 44
9 29 39 41 45
9 29 39 42 43
9 29 39 42 44
9 29 39 42 45
9 29 39 43 44
9 29 39 43 45
9 29 39 44 45
10 11 19 29 39
10 12 19 29 39
10 13 19 29 39
10 14 19 29 39
10 15 19 29 39
10 16 19 29 39
10 17 19 29 39
10 18 19 29 39
10 19 20 29 39
10 19 21 29 39
10 19 22 29 39
10 19 23 29 39
10 19 24 29 39
10 19 25 29 39
10 19 26 29 39
10 19 27 29 39
10 19 28 29 39
10 19 29 30 39
10 19 29 31 39
10 19 29 32 39
10 19 29 33 39
10 19 29 34 39
10 19 29 35 39
10 19 29 36 39
10 19 29 37 39
10 19 29 38 39
10 19 29 39 40
10 19 29 39 41
10 19 29 39 42
10 19 29 39 43
10 19 29 39 44
10 19 29 39 45
11 12 19 29 39
11 13 19 29 39
11 14 19 29 39
11 15 19 29 39
11 16 19 29 39
11 17 19 29 39
11 18 19 29 39
11 19 20 29 39
11 19 21 29 39
11 19 22 29 39
11 19 23 29 39
11 19 24 29 39
11 19 25 29 39
11 19 26 29 39
11 19 27 29 39
11 19 28 29 39
11 19 29 30 39
11 19 29 31 39
11 19 29 32 39
11 19 29 33 39
11 19 29 34 39
11 19 29 35 39
11 19 29 36 39
11 19 29 37 39
11 19 29 38 39
11 19 29 39 40
11 19 29 39 41
11 19 29 39 42
11 19 29 39 43
11 19 29 39 44
11 19 29 39 45
12 13 19 29 39
12 14 19 29 39
12 15 19 29 39
12 16 19 29 39
12 17 19 29 39
12 18 19 29 39
12 19 20 29 39
12 19 21 29 39
12 19 22 29 39
12 19 23 29 39
12 19 24 29 39
12 19 25 29 39
12 19 26 29 39
12 19 27 29 39
12 19 28 29 39
12 19 29 30 39
12 19 29 31 39
12 19 29 32 39
12 19 29 33 39
12 19 29 34 39
12 19 29 35 39
12 19 29 36 39
12 19 29 37 39
12 19 29 38 39
12 19 29 39 40
12 19 29 39 41
12 19 29 39 42
12 19 29 39 43
12 19 29 39 44
12 19 29 39 45
13 14 19 29 39
13 15 19 29 39
13 16 19 29 39
13 17 19 29 39
13 18 19 29 39
13 19 20 29 39
13 19 21 29 39
13 19 22 29 39
13 19 23 29 39
13 19 24 29 39
13 19 25 29 39
13 19 26 29 39
13 19 27 29 39
13 19 28 29 39
13 19 29 30 39
13 19 29 31 39
13 19 29 32 39
13 19 29 33 39
13 19 29 34 39
13 19 29 35 39
13 19 29 36 39
13 19 29 37 39
13 19 29 38 39
13 19 29 39 40
13 19 29 39 41
13 19 29 39 42
13 19 29 39 43
13 19 29 39 44
13 19 29 39 45
14 15 19 29 39
14 16 19 29 39
14 17 19 29 39
14 18 19 29 39
14 19 20 29 39
14 19 21 29 39
14 19 22 29 39
14 19 23 29 39
14 19 24 29 39
14 19 25 29 39
14 19 26 29 39
14 19 27 29 39
14 19 28 29 39
14 19 29 30 39
14 19 29 31 39
14 19 29 32 39
14 19 29 33 39
14 19 29 34 39
14 19 29 35 39
14 19 29 36 39
14 19 29 37 39
14 19 29 38 39
14 19 29 39 40
14 19 29 39 41
14 19 29 39 42
14 19 29 39 43
14 19 29 39 44
14 19 29 39 45
15 16 19 29 39
15 17 19 29 39
15 18 19 29 39
15 19 20 29 39
15 19 21 29 39
15 19 22 29 39
15 19 23 29 39
15 19 24 29 39
15 19 25 29 39
15 19 26 29 39
15 19 27 29 39
15 19 28 29 39
15 19 29 30 39
15 19 29 31 39
15 19 29 32 39
15 19 29 33 39
15 19 29 34 39
15 19 29 35 39
15 19 29 36 39
15 19 29 37 39
15 19 29 38 39
15 19 29 39 40
15 19 29 39 41
15 19 29 39 42
15 19 29 39 43
15 19 29 39 44
15 19 29 39 45
16 17 19 29 39
16 18 19 29 39
16 19 20 29 39
16 19 21 29 39
16 19 22 29 39
16 19 23 29 39
16 19 24 29 39
16 19 25 29 39
16 19 26 29 39
16 19 27 29 39
16 19 28 29 39
16 19 29 30 39
16 19 29 31 39
16 19 29 32 39
16 19 29 33 39
16 19 29 34 39
16 19 29 35 39
16 19 29 36 39
16 19 29 37 39
16 19 29 38 39
16 19 29 39 40
16 19 29 39 41
16 19 29 39 42
16 19 29 39 43
16 19 29 39 44
16 19 29 39 45
17 18 19 29 39
17 19 20 29 39
17 19 21 29 39
17 19 22 29 39
17 19 23 29 39
17 19 24 29 39
17 19 25 29 39
17 19 26 29 39
17 19 27 29 39
17 19 28 29 39
17 19 29 30 39
17 19 29 31 39
17 19 29 32 39
17 19 29 33 39
17 19 29 34 39
17 19 29 35 39
17 19 29 36 39
17 19 29 37 39
17 19 29 38 39
17 19 29 39 40
17 19 29 39 41
17 19 29 39 42
17 19 29 39 43
17 19 29 39 44
17 19 29 39 45
18 19 20 29 39
18 19 21 29 39
18 19 22 29 39
18 19 23 29 39
18 19 24 29 39
18 19 25 29 39
18 19 26 29 39
18 19 27 29 39
18 19 28 29 39
18 19 29 30 39
18 19 29 31 39
18 19 29 32 39
18 19 29 33 39
18 19 29 34 39
18 19 29 35 39
18 19 29 36 39
18 19 29 37 39
18 19 29 38 39
18 19 29 39 40
18 19 29 39 41
18 19 29 39 42
18 19 29 39 43
18 19 29 39 44
18 19 29 39 45
19 20 21 29 39
19 20 22 29 39
19 20 23 29 39
19 20 24 29 39
19 20 25 29 39
19 20 26 29 39
19 20 27 29 39
19 20 28 29 39
19 20 29 30 39
19 20 29 31 39
19 20 29 32 39
19 20 29 33 39
19 20 29 34 39
19 20 29 35 39
19 20 29 36 39
19 20 29 37 39
19 20 29 38 39
19 20 29 39 40
19 20 29 39 41
19 20 29 39 42
19 20 29 39 43
19 20 29 39 44
19 20 29 39 45
19 21 22 29 39
19 21 23 29 39
19 21 24 29 39
19 21 25 29 39
19 21 26 29 39
19 21 27 29 39
19 21 28 29 39
19 21 29 30 39
19 21 29 31 39
19 21 29 32 39
19 21 29 33 39
19 21 29 34 39
19 21 29 35 39
19 21 29 36 39
19 21 29 37 39
19 21 29 38 39
19 21 29 39 40
19 21 29 39 41
19 21 29 39 42
19 21 29 39 43
19 21 29 39 44
19 21 29 39 45
19 22 23 29 39
19 22 24 29 39
19 22 25 29 39
19 22 26 29 39
19 22 27 29 39
19 22 28 29 39
19 22 29 30 39
19 22 29 31 39
19 22 29 32 39
19 22 29 33 39
19 22 29 34 39
19 22 29 35 39
19 22 29 36 39
19 22 29 37 39
19 22 29 38 39
19 22 29 39 40
19 22 29 39 41
19 22 29 39 42
19 22 29 39 43
19 22 29 39 44
19 22 29 39 45
19 23 24 29 39
19 23 25 29 39
19 23 26 29 39
19 23 27 29 39
19 23 28 29 39
19 23 29 30 39
19 23 29 31 39
19 23 29 32 39
19 23 29 33 39
19 23 29 34 39
19 23 29 35 39
19 23 29 36 39
19 23 29 37 39
19 23 29 38 39
19 23 29 39 40
19 23 29 39 41
19 23 29 39 42
19 23 29 39 43
19 23 29 39 44
19 23 29 39 45
19 24 25 29 39
19 24 26 29 39
19 24 27 29 39
19 24 28 29 39
19 24 29 30 39
19 24 29 31 39
19 24 29 32 39
19 24 29 33 39
19 24 29 34 39
19 24 29 35 39
19 24 29 36 39
19 24 29 37 39
19 24 29 38 39
19 24 29 39 40
19 24 29 39 41
19 24 29 39 42
19 24 29 39 43
19 24 29 39 44
19 24 29 39 45
19 25 26 29 39
19 25 27 29 39
19 25 28 29 39
19 25 29 30 39
19 25 29 31 39
19 25 29 32 39
19 25 29 33 39
19 25 29 34 39
19 25 29 35 39
19 25 29 36 39
19 25 29 37 39
19 25 29 38 39
19 25 29 39 40
19 25 29 39 41
19 25 29 39 42
19 25 29 39 43
19 25 29 39 44
19 25 29 39 45
19 26 27 29 39
19 26 28 29 39
19 26 29 30 39
19 26 29 31 39
19 26 29 32 39
19 26 29 33 39
19 26 29 34 39
19 26 29 35 39
19 26 29 36 39
19 26 29 37 39
19 26 29 38 39
19 26 29 39 40
19 26 29 39 41
19 26 29 39 42
19 26 29 39 43
19 26 29 39 44
19 26 29 39 45
19 27 28 29 39
19 27 29 30 39
19 27 29 31 39
19 27 29 32 39
19 27 29 33 39
19 27 29 34 39
19 27 29 35 39
19 27 29 36 39
19 27 29 37 39
19 27 29 38 39
19 27 29 39 40
19 27 29 39 41
19 27 29 39 42
19 27 29 39 43
19 27 29 39 44
19 27 29 39 45
19 28 29 30 39
19 28 29 31 39
19 28 29 32 39
19 28 29 33 39
19 28 29 34 39
19 28 29 35 39
19 28 29 36 39
19 28 29 37 39
19 28 29 38 39
19 28 29 39 40
19 28 29 39 41
19 28 29 39 42
19 28 29 39 43
19 28 29 39 44
19 28 29 39 45
19 29 30 31 39
19 29 30 32 39
19 29 30 33 39
19 29 30 34 39
19 29 30 35 39
19 29 30 36 39
19 29 30 37 39
19 29 30 38 39
19 29 30 39 40
19 29 30 39 41
19 29 30 39 42
19 29 30 39 43
19 29 30 39 44
19 29 30 39 45
19 29 31 32 39
19 29 31 33 39
19 29 31 34 39
19 29 31 35 39
19 29 31 36 39
19 29 31 37 39
19 29 31 38 39
19 29 31 39 40
19 29 31 39 41
19 29 31 39 42
19 29 31 39 43
19 29 31 39 44
19 29 31 39 45
19 29 32 33 39
19 29 32 34 39
19 29 32 35 39
19 29 32 36 39
19 29 32 37 39
19 29 32 38 39
19 29 32 39 40
19 29 32 39 41
19 29 32 39 42
19 29 32 39 43
19 29 32 39 44
19 29 32 39 45
19 29 33 34 39
19 29 33 35 39
19 29 33 36 39
19 29 33 37 39
19 29 33 38 39
19 29 33 39 40
19 29 33 39 41
19 29 33 39 42
19 29 33 39 43
19 29 33 39 44
19 29 33 39 45
19 29 34 35 39
19 29 34 36 39
19 29 34 37 39
19 29 34 38 39
19 29 34 39 40
19 29 34 39 41
19 29 34 39 42
19 29 34 39 43
19 29 34 39 44
19 29 34 39 45
19 29 35 36 39
19 29 35 37 39
19 29 35 38 39
19 29 35 39 40
19 29 35 39 41
19 29 35 39 42
19 29 35 39 43
19 29 35 39 44
19 29 35 39 45
19 29 36 37 39
19 29 36 38 39
19 29 36 39 40
19 29 36 39 41
19 29 36 39 42
19 29 36 39 43
19 29 36 39 44
19 29 36 39 45
19 29 37 38 39
19 29 37 39 40
19 29 37 39 41
19 29 37 39 42
19 29 37 39 43
19 29 37 39 44
19 29 37 39 45
19 29 38 39 40
19 29 38 39 41
19 29 38 39 42
19 29 38 39 43
19 29 38 39 44
19 29 38 39 45
19 29 39 40 41
19 29 39 40 42
19 29 39 40 43
19 29 39 40 44
19 29 39 40 45
19 29 39 41 42
19 29 39 41 43
19 29 39 41 44
19 29 39 41 45
19 29 39 42 43
19 29 39 42 44
19 29 39 42 45
19 29 39 43 44
19 29 39 43 45
19 29 39 44 45
