1 2 6 16 26
1 2 6 16 36
1 2 6 26 36
1 2 16 26 36
1 3 6 16 26
1 3 6 16 36
1 3 6 26 36
1 3 16 26 36
1 4 6 16 26
1 4 6 16 36
1 4 6 26 36
1 4 16 26 36
1 5 6 16 26
1 5 6 16 36
1 5 6 26 36
1 5 16 26 36
1 6 7 16 26
1 6 7 16 36
1 6 7 26 36
1 6 8 16 26
1 6 8 16 36
1 6 8 26 36
1 6 9 16 26
1 6 9 16 36
1 6 9 26 36
1 6 10 16 26
1 6 10 16 36
1 6 10 26 36
1 6 11 16 26
1 6 11 16 36
1 6 11 26 36
1 6 12 16 26
1 6 12 16 36
1 6 12 26 36
1 6 13 16 26
1 6 13 16 36
1 6 13 26 36
1 6 14 16 26
1 6 14 16 36
1 6 14 26 36
1 6 15 16 26
1 6 15 16 36
1 6 15 26 36
1 6 16 17 26
1 6 16 17 36
1 6 16 18 26
1 6 16 18 36
1 6 16 19 26
1 6 16 19 36
1 6 16 20 26
1 6 16 20 36
1 6 16 21 26
1 6 16 21 36
1 6 16 22 26
1 6 16 22 36
1 6 16 23 26
1 6 16 23 36
1 6 16 24 26
1 6 16 24 36
1 6 16 25 26
1 6 16 25 36
1 6 16 26 27
1 6 16 26 28
1 6 16 26 29
1 6 16 26 30
1 6 16 26 31
1 6 16 26 32
1 6 16 26 33
1 6 16 26 34
1 6 16 26 35
1 6 16 26 36
1 6 16 26 37
1 6 16 26 38
1 6 16 26 39
1 6 16 26 40
1 6 16 26 41
1 6 16 26 42
1 6 16 26 43
1 6 16 26 44
1 6 16 26 45
1 6 16 27 36
1 6 16 28 36
1 6 16 29 36
1 6 16 30 36
1 6 16 31 36
1 6 16 32 36
1 6 16 33 36
1 6 16 34 36
1 6 16 35 36
1 6 16 36 37
1 6 16 36 38
1 6 16 36 39
1 6 16 36 40
1 6 16 36 41
1 6 16 36 42
1 6 16 36 43
1 6 16 36 44
1 6 16 36 45
1 6 17 26 36
1 6 18 26 36
1 6 19 26 36
1 6 20 26 36
1 6 21 26 36
1 6 22 26 36
1 6 23 26 36
1 6 24 26 36
1 6 25 26 36
1 6 26 27 36
1 6 26 28 36
1 6 26 29 36
1 6 26 30 36
1 6 26 31 36
1 6 26 32 36
1 6 26 33 36
1 6 26 34 36
1 6 26 35 36
1 6 26 36 37
1 6 26 36 38
1 6 26 36 39
1 6 26 36 40
1 6 26 36 41
1 6 26 36 42
1 6 26 36 43
1 6 26 36 44
1 6 26 36 45
1 7 16 26 36
1 8 16 26 36
1 9 16 26 36
1 10 16 26 36
1 11 16 26 36
1 12 16 26 36
1 13 16 26 36
1 14 16 26 36
1 15 16 26 36
1 16 17 26 36
1 16 18 26 36
1 16 19 26 36
1 16 20 26 36
1 16 21 26 36
1 16 22 26 36
1 16 23 26 36
1 16 24 26 36
1 16 25 26 36
1 16 26 27 36
1 16 26 28 36
1 16 26 29 36
1 16 26 30 36
1 16 26 31 36
1 16 26 32 36
1 16 26 33 36
1 16 26 34 36
1 16 26 35 36
1 16 26 36 37
1 16 26 36 38
1 16 26 36 39
1 16 26 36 40
1 16 26 36 41
1 16 26 36 42
1 16 26 36 43
1 16 26 36 44
1 16 26 36 45
2 3 6 16 26
2 3 6 16 36
2 3 6 26 36
2 3 16 26 36
2 4 6 16 26
2 4 6 16 36
2 4 6 26 36
2 4 16 26 36
2 5 6 16 26
2 5 6 16 36
2 5 6 26 36
2 5 16 26 36
2 6 7 16 26
2 6 7 16 36
2 6 7 26 36
2 6 8 16 26
2 6 8 16 36
2 6 8 26 36
2 6 9 16 26
2 6 9 16 36
2 6 9 26 36
2 6 10 16 26
2 6 10 16 36
2 6 10 26 36
2 6 11 16 26
2 6 11 16 36
2 6 11 26 36
2 6 12 16 26
2 6 12 16 36
2 6 12 26 36
2 6 13 16 26
2 6 13 16 36
2 6 13 26 36
2 6 14 16 26
2 6 14 16 36
2 6 14 26 36
2 6 15 16 26
2 6 15 16 36
2 6 15 26 36
2 6 16 17 26
2 6 16 17 36
2 6 16 18 26
2 6 16 18 36
2 6 16 19 26
2 6 16 19 36
2 6 16 20 26
2 6 16 20 36
2 6 16 21 26
2 6 16 21 36
2 6 16 22 26
2 6 16 22 36
2 6 16 23 26
2 6 16 23 36
2 6 16 24 26
2 6 16 24 36
2 6 16 25 26
2 6 16 25 36
2 6 16 26 27
2 6 16 26 28
2 6 16 26 29
2 6 16 26 30
2 6 16 26 31
2 6 16 26 32
2 6 16 26 33
2 6 16 26 34
2 6 16 26 35
2 6 16 26 36
2 6 16 26 37
2 6 16 26 38
2 6 16 26 39
2 6 16 26 40
2 6 16 26 41
2 6 16 26 42
2 6 16 26 43
2 6 16 26 44
2 6 16 26 45
2 6 16 27 36
2 6 16 28 36
2 6 16 29 36
2 6 16 30 36
2 6 16 31 36
2 6 16 32 36
2 6 16 33 36
2 6 16 34 36
2 6 16 35 36
2 6 16 36 37
2 6 16 36 38
2 6 16 36 39
2 6 16 36 40
2 6 16 36 41
2 6 16 36 42
2 6 16 36 43
2 6 16 36 44
2 6 16 36 45
2 6 17 26 36
2 6 18 26 36
2 6 19 26 36
2 6 20 26 36
2 6 21 26 36
2 6 22 26 36
2 6 23 26 36
2 6 24 26 36
2 6 25 26 36
2 6 26 27 36
2 6 26 28 36
2 6 26 29 36
2 6 26 30 36
2 6 26 31 36
2 6 26 32 36
2 6 26 33 36
2 6 26 34 36
2 6 26 35 36
2 6 26 36 37
2 6 26 36 38
2 6 26 36 39
2 6 26 36 40
2 6 26 36 41
2 6 26 36 42
2 6 26 36 43
2 6 26 36 44
2 6 26 36 45
2 7 16 26 36
2 8 16 26 36
2 9 16 26 36
2 10 16 26 36
2 11 16 26 36
2 12 16 26 36
2 13 16 26 36
2 14 16 26 36
2 15 16 26 36
2 16 17 26 36
2 16 18 26 36
2 16 19 26 36
2 16 20 26 36
2 16 21 26 36
2 16 22 26 36
2 16 23 26 36
2 16 24 26 36
2 16 25 26 36
2 16 26 27 36
2 16 26 28 36
2 16 26 29 36
2 16 26 30 36
2 16 26 31 36
2 16 26 32 36
2 16 26 33 36
2 16 26 34 36
2 16 26 35 36
2 16 26 36 37
2 16 26 36 38
2 16 26 36 39
2 16 26 36 40
2 16 26 36 41
2 16 26 36 42
2 16 26 36 43
2 16 26 36 44
2 16 26 36 45
3 4 6 16 26
3 4 6 16 36
3 4 6 26 36
3 4 16 26 36
3 5 6 16 26
3 5 6 16 36
3 5 6 26 36
3 5 16 26 36
3 6 7 16 26
3 6 7 16 36
3 6 7 26 36
3 6 8 16 26
3 6 8 16 36
3 6 8 26 36
3 6 9 16 26
3 6 9 16 36
3 6 9 26 36
3 6 10 16 26
3 6 10 16 36
3 6 10 26 36
3 6 11 16 26
3 6 11 16 36
3 6 11 26 36
3 6 12 16 26
3 6 12 16 36
3 6 12 26 36
3 6 13 16 26
3 6 13 16 36
3 6 13 26 36
3 6 14 16 26
3 6 14 16 36
3 6 14 26 36
3 6 15 16 26
3 6 15 16 36
3 6 15 26 36
3 6 16 17 26
3 6 16 17 36
3 6 16 18 26
3 6 16 18 36
3 6 16 19 26
3 6 16 19 36
3 6 16 20 26
3 6 16 20 36
3 6 16 21 26
3 6 16 21 36
3 6 16 22 26
3 6 16 22 36
3 6 16 23 26
3 6 16 23 36
3 6 16 24 26
3 6 16 24 36
3 6 16 25 26
3 6 16 25 36
3 6 16 26 27
3 6 16 26 28
3 6 16 26 29
3 6 16 26 30
3 6 16 26 31
3 6 16 26 32
3 6 16 26 33
3 6 16 26 34
3 6 16 26 35
3 6 16 26 36
3 6 16 26 37
3 6 16 26 38
3 6 16 26 39
3 6 16 26 40
3 6 16 26 41
3 6 16 26 42
3 6 16 26 43
3 6 16 26 44
3 6 16 26 45
3 6 16 27 36
3 6 16 28 36
3 6 16 29 36
3 6 16 30 36
3 6 16 31 36
3 6 16 32 36
3 6 16 33 36
3 6 16 34 36
3 6 16 35 36
3 6 16 36 37
3 6 16 36 38
3 6 16 36 39
3 6 16 36 40
3 6 16 36 41
3 6 16 36 42
3 6 16 36 43
3 6 16 36 44
3 6 16 36 45
3 6 17 26 36
3 6 18 26 36
3 6 19 26 36
3 6 20 26 36
3 6 21 26 36
3 6 22 26 36
3 6 23 26 36
3 6 24 26 36
3 6 25 26 36
3 6 26 27 36
3 6 26 28 36
3 6 26 29 36
3 6 26 30 36
3 6 26 31 36
3 6 26 32 36
3 6 26 33 36
3 6 26 34 36
3 6 26 35 36
3 6 26 36 37
3 6 26 36 38
3 6 26 36 39
3 6 26 36 40
3 6 26 36 41
3 6 26 36 42
3 6 26 36 43
3 6 26 36 44
3 6 26 36 45
3 7 16 26 36
3 8 16 26 36
3 9 16 26 36
3 10 16 26 36
3 11 16 26 36
3 12 16 26 36
3 13 16 26 36
3 14 16 26 36
3 15 16 26 36
3 16 17 26 36
3 16 18 26 36
3 16 19 26 36
3 16 20 26 36
3 16 21 26 36
3 16 22 26 36
3 16 23 26 36
3 16 24 26 36
3 16 25 26 36
3 16 26 27 36
3 16 26 28 36
3 16 26 29 36
3 16 26 30 36
3 16 26 31 36
3 16 26 32 36
3 16 26 33 36
3 16 26 34 36
3 16 26 35 36
3 16 26 36 37
3 16 26 36 38
3 16 26 36 39
3 16 26 36 40
3 16 26 36 41
3 16 26 36 42
3 16 26 36 43
3 16 26 36 44
3 16 26 36 45
4 5 6 16 26
4 5 6 16 36
4 5 6 26 36
4 5 16 26 36
4 6 7 16 26
4 6 7 16 36
4 6 7 26 36
4 6 8 16 26
4 6 8 16 36
4 6 8 26 36
4 6 9 16 26
4 6 9 16 36
4 6 9 26 36
4 6 10 16 26
4 6 10 16 36
4 6 10 26 36
4 6 11 16 26
4 6 11 16 36
4 6 11 26 36
4 6 12 16 26
4 6 12 16 36
4 6 12 26 36
4 6 13 16 26
4 6 13 16 36
4 6 13 26 36
4 6 14 16 26
4 6 14 16 36
4 6 14 26 36
4 6 15 16 26
4 6 15 16 36
4 6 15 26 36
4 6 16 17 26
4 6 16 17 36
4 6 16 18 26
4 6 16 18 36
4 6 16 19 26
4 6 16 19 36
4 6 16 20 26
4 6 16 20 36
4 6 16 21 26
4 6 16 21 36
4 6 16 22 26
4 6 16 22 36
4 6 16 23 26
4 6 16 23 36
4 6 16 24 26
4 6 16 24 36
4 6 16 25 26
4 6 16 25 36
4 6 16 26 27
4 6 16 26 28
4 6 16 26 29
4 6 16 26 30
4 6 16 26 31
4 6 16 26 32
4 6 16 26 33
4 6 16 26 34
4 6 16 26 35
4 6 16 26 36
4 6 16 26 37
4 6 16 26 38
4 6 16 26 39
4 6 16 26 40
4 6 16 26 41
4 6 16 26 42
4 6 16 26 43
4 6 16 26 44
4 6 16 26 45
4 6 16 27 36
4 6 16 28 36
4 6 16 29 36
4 6 16 30 36
4 6 16 31 36
4 6 16 32 36
4 6 16 33 36
4 6 16 34 36
4 6 16 35 36
4 6 16 36 37
4 6 16 36 38
4 6 16 36 39
4 6 16 36 40
4 6 16 36 41
4 6 16 36 42
4 6 16 36 43
4 6 16 36 44
4 6 16 36 45
4 6 17 26 36
4 6 18 26 36
4 6 19 26 36
4 6 20 26 36
4 6 21 26 36
4 6 22 26 36
4 6 23 26 36
4 6 24 26 36
4 6 25 26 36
4 6 26 27 36
4 6 26 28 36
4 6 26 29 36
4 6 26 30 36
4 6 26 31 36
4 6 26 32 36
4 6 26 33 36
4 6 26 34 36
4 6 26 35 36
4 6 26 36 37
4 6 26 36 38
4 6 26 36 39
4 6 26 36 40
4 6 26 36 41
4 6 26 36 42
4 6 26 36 43
4 6 26 36 44
4 6 26 36 45
4 7 16 26 36
4 8 16 26 36
4 9 16 26 36
4 10 16 26 36
4 11 16 26 36
4 12 16 26 36
4 13 16 26 36
4 14 16 26 36
4 15 16 26 36
4 16 17 26 36
4 16 18 26 36
4 16 19 26 36
4 16 20 26 36
4 16 21 26 36
4 16 22 26 36
4 16 23 26 36
4 16 24 26 36
4 16 25 26 36
4 16 26 27 36
4 16 26 28 36
4 16 26 29 36
4 16 26 30 36
4 16 26 31 36
4 16 26 32 36
4 16 26 33 36
4 16 26 34 36
4 16 26 35 36
4 16 26 36 37
4 16 26 36 38
4 16 26 36 39
4 16 26 36 40
4 16 26 36 41
4 16 26 36 42
4 16 26 36 43
4 16 26 36 44
4 16 26 36 45
5 6 7 16 26
5 6 7 16 36
5 6 7 26 36
5 6 8 16 26
5 6 8 16 36
5 6 8 26 36
5 6 9 16 26
5 6 9 16 36
5 6 9 26 36
5 6 10 16 26
5 6 10 16 36
5 6 10 26 36
5 6 11 16 26
5 6 11 16 36
5 6 11 26 36
5 6 12 16 26
5 6 12 16 36
5 6 12 26 36
5 6 13 16 26
5 6 13 16 36
5 6 13 26 36
5 6 14 16 26
5 6 14 16 36
5 6 14 26 36
5 6 15 16 26
5 6 15 16 36
5 6 15 26 36
5 6 16 17 26
5 6 16 17 36
5 6 16 18 26
5 6 16 18 36
5 6 16 19 26
5 6 16 19 36
5 6 16 20 26
5 6 16 20 36
5 6 16 21 26
5 6 16 21 36
5 6 16 22 26
5 6 16 22 36
5 6 16 23 26
5 6 16 23 36
5 6 16 24 26
5 6 16 24 36
5 6 16 25 26
5 6 16 25 36
5 6 16 26 27
5 6 16 26 28
5 6 16 26 29
5 6 16 26 30
5 6 16 26 31
5 6 16 26 32
5 6 16 26 33
5 6 16 26 34
5 6 16 26 35
5 6 16 26 36
5 6 16 26 37
5 6 16 26 38
5 6 16 26 39
5 6 16 26 40
5 6 16 26 41
5 6 16 26 42
5 6 16 26 43
5 6 16 26 44
5 6 16 26 45
5 6 16 27 36
5 6 16 28 36
5 6 16 29 36
5 6 16 30 36
5 6 16 31 36
5 6 16 32 36
5 6 16 33 36
5 6 16 34 36
5 6 16 35 36
5 6 16 36 37
5 6 16 36 38
5 6 16 36 39
5 6 16 36 40
5 6 16 36 41
5 6 16 36 42
5 6 16 36 43
5 6 16 36 44
5 6 16 36 45
5 6 17 26 36
5 6 18 26 36
5 6 19 26 36
5 6 20 26 36
5 6 21 26 36
5 6 22 26 36
5 6 23 26 36
5 6 24 26 36
5 6 25 26 36
5 6 26 27 36
5 6 26 28 36
5 6 26 29 36
5 6 26 30 36
5 6 26 31 36
5 6 26 32 36
5 6 26 33 36
5 6 26 34 36
5 6 26 35 36
5 6 26 36 37
5 6 26 36 38
5 6 26 36 39
5 6 26 36 40
5 6 26 36 41
5 6 26 36 42
5 6 26 36 43
5 6 26 36 44
5 6 26 36 45
5 7 16 26 36
5 8 16 26 36
5 9 16 26 36
5 10 16 26 36
5 11 16 26 36
5 12 16 26 36
5 13 16 26 36
5 14 16 26 36
5 15 16 26 36
5 16 17 26 36
5 16 18 26 36
5 16 19 26 36
5 16 20 26 36
5 16 21 26 36
5 16 22 26 36
5 16 23 26 36
5 16 24 26 36
5 16 25 26 36
5 16 26 27 36
5 16 26 28 36
5 16 26 29 36
5 16 26 30 36
5 16 26 31 36
5 16 26 32 36
5 16 26 33 36
5 16 26 34 36
5 16 26 35 36
5 16 26 36 37
5 16 26 36 38
5 16 26 36 39
5 16 26 36 40
5 16 26 36 41
5 16 26 36 42
5 16 26 36 43
5 16 26 36 44
5 16 26 36 45
6 7 8 16 26
6 7 8 16 36
6 7 8 26 36
6 7 9 16 26
6 7 9 16 36
6 7 9 26 36
6 7 10 16 26
6 7 10 16 36
6 7 10 26 36
6 7 11 16 26
6 7 11 16 36
6 7 11 26 36
6 7 12 16 26
6 7 12 16 36
6 7 12 26 36
6 7 13 16 26
6 7 13 16 36
6 7 13 26 36
6 7 14 16 26
6 7 14 16 36
6 7 14 26 36
6 7 15 16 26
6 7 15 16 36
6 7 15 26 36
6 7 16 17 26
6 7 16 17 36
6 7 16 18 26
6 7 16 18 36
6 7 16 19 26
6 7 16 19 36
6 7 16 20 26
6 7 16 20 36
6 7 16 21 26
6 7 16 21 36
6 7 16 22 26
6 7 16 22 36
6 7 16 23 26
6 7 16 23 36
6 7 16 24 26
6 7 16 24 36
6 7 16 25 26
6 7 16 25 36
6 7 16 26 27
6 7 16 26 28
6 7 16 26 29
6 7 16 26 30
6 7 16 26 31
6 7 16 26 32
6 7 16 26 33
6 7 16 26 34
6 7 16 26 35
6 7 16 26 36
6 7 16 26 37
6 7 16 26 38
6 7 16 26 39
6 7 16 26 40
6 7 16 26 41
6 7 16 26 42
6 7 16 26 43
6 7 16 26 44
6 7 16 26 45
6 7 16 27 36
6 7 16 28 36
6 7 16 29 36
6 7 16 30 36
6 7 16 31 36
6 7 16 32 36
6 7 16 33 36
6 7 16 34 36
6 7 16 35 36
6 7 16 36 37
6 7 16 36 38
6 7 16 36 39
6 7 16 36 40
6 7 16 36 41
6 7 16 36 42
6 7 16 36 43
6 7 16 36 44
6 7 16 36 45
6 7 17 26 36
6 7 18 26 36
6 7 19 26 36
6 7 20 26 36
6 7 21 26 36
6 7 22 26 36
6 7 23 26 36
6 7 24 26 36
6 7 25 26 36
6 7 26 27 36
6 7 26 28 36
6 7 26 29 36
6 7 26 30 36
6 7 26 31 36
6 7 26 32 36
6 7 26 33 36
6 7 26 34 36
6 7 26 35 36
6 7 26 36 37
6 7 26 36 38
6 7 26 36 39
6 7 26 36 40
6 7 26 36 41
6 7 26 36 42
6 7 26 36 43
6 7 26 36 44
6 7 26 36 45
6 8 9 16 26
6 8 9 16 36
6 8 9 26 36
6 8 10 16 26
6 8 10 16 36
6 8 10 26 36
6 8 11 16 26
6 8 11 16 36
6 8 11 26 36
6 8 12 16 26
6 8 12 16 36
6 8 12 26 36
6 8 13 16 26
6 8 13 16 36
6 8 13 26 36
6 8 14 16 26
6 8 14 16 36
6 8 14 26 36
6 8 15 16 26
6 8 15 16 36
6 8 15 26 36
6 8 16 17 26
6 8 16 17 36
6 8 16 18 26
6 8 16 18 36
6 8 16 19 26
6 8 16 19 36
6 8 16 20 26
6 8 16 20 36
6 8 16 21 26
6 8 16 21 36
6 8 16 22 26
6 8 16 22 36
6 8 16 23 26
6 8 16 23 36
6 8 16 24 26
6 8 16 24 36
6 8 16 25 26
6 8 16 25 36
6 8 16 26 27
6 8 16 26 28
6 8 16 26 29
6 8 16 26 30
6 8 16 26 31
6 8 16 26 32
6 8 16 26 33
6 8 16 26 34
6 8 16 26 35
6 8 16 26 36
6 8 16 26 37
6 8 16 26 38
6 8 16 26 39
6 8 16 26 40
6 8 16 26 41
6 8 16 26 42
6 8 16 26 43
6 8 16 26 44
6 8 16 26 45
6 8 16 27 36
6 8 16 28 36
6 8 16 29 36
6 8 16 30 36
6 8 16 31 36
6 8 16 32 36
6 8 16 33 36
6 8 16 34 36
6 8 16 35 36
6 8 16 36 37
6 8 16 36 38
6 8 16 36 39
6 8 16 36 40
6 8 16 36 41
6 8 16 36 42
6 8 16 36 43
6 8 16 36 44
6 8 16 36 45
6 8 17 26 36
6 8 18 26 36
6 8 19 26 36
6 8 20 26 36
6 8 21 26 36
6 8 22 26 36
6 8 23 26 36
6 8 24 26 36
6 8 25 26 36
6 8 26 27 36
6 8 26 28 36
6 8 26 29 36
6 8 26 30 36
6 8 26 31 36
6 8 26 32 36
6 8 26 33 36
6 8 26 34 36
6 8 26 35 36
6 8 26 36 37
6 8 26 36 38
6 8 26 36 39
6 8 26 36 40
6 8 26 36 41
6 8 26 36 42
6 8 26 36 43
6 8 26 36 44
6 8 26 36 45
6 9 10 16 26
6 9 10 16 36
6 9 10 26 36
6 9 11 16 26
6 9 11 16 36
6 9 11 26 36
6 9 12 16 26
6 9 12 16 36
6 9 12 26 36
6 9 13 16 26
6 9 13 16 36
6 9 13 26 36
6 9 14 16 26
6 9 14 16 36
6 9 14 26 36
6 9 15 16 26
6 9 15 16 36
6 9 15 26 36
6 9 16 17 26
6 9 16 17 36
6 9 16 18 26
6 9 16 18 36
6 9 16 19 26
6 9 16 19 36
6 9 16 20 26
6 9 16 20 36
6 9 16 21 26
6 9 16 21 36
6 9 16 22 26
6 9 16 22 36
6 9 16 23 26
6 9 16 23 36
6 9 16 24 26
6 9 16 24 36
6 9 16 25 26
6 9 16 25 36
6 9 16 26 27
6 9 16 26 28
6 9 16 26 29
6 9 16 26 30
6 9 16 26 31
6 9 16 26 32
6 9 16 26 33
6 9 16 26 34
6 9 16 26 35
6 9 16 26 36
6 9 16 26 37
6 9 16 26 38
6 9 16 26 39
6 9 16 26 40
6 9 16 26 41
6 9 16 26 42
6 9 16 26 43
6 9 16 26 44
6 9 16 26 45
6 9 16 27 36
6 9 16 28 36
6 9 16 29 36
6 9 16 30 36
6 9 16 31 36
6 9 16 32 36
6 9 16 33 36
6 9 16 34 36
6 9 16 35 36
6 9 16 36 37
6 9 16 36 38
6 9 16 36 39
6 9 16 36 40
6 9 16 36 41
6 9 16 36 42
6 9 16 36 43
6 9 16 36 44
6 9 16 36 45
6 9 17 26 36
6 9 18 26 36
6 9 19 26 36
6 9 20 26 36
6 9 21 26 36
6 9 22 26 36
6 9 23 26 36
6 9 24 26 36
6 9 25 26 36
6 9 26 27 36
6 9 26 28 36
6 9 26 29 36
6 9 26 30 36
6 9 26 31 36
6 9 26 32 36
6 9 26 33 36
6 9 26 34 36
6 9 26 35 36
6 9 26 36 37
6 9 26 36 38
6 9 26 36 39
6 9 26 36 40
6 9 26 36 41
6 9 26 36 42
6 9 26 36 43
6 9 26 36 44
6 9 26 36 45
6 10 11 16 26
6 10 11 16 36
6 10 11 26 36
6 10 12 16 26
6 10 12 16 36
6 10 12 26 36
6 10 13 16 26
6 10 13 16 36
6 10 13 26 36
6 10 14 16 26
6 10 14 16 36
6 10 14 26 36
6 10 15 16 26
6 10 15 16 36
6 10 15 26 36
6 10 16 17 26
6 10 16 17 36
6 10 16 18 26
6 10 16 18 36
6 10 16 19 26
6 10 16 19 36
6 10 16 20 26
6 10 16 20 36
6 10 16 21 26
6 10 16 21 36
6 10 16 22 26
6 10 16 22 36
6 10 16 23 26
6 10 16 23 36
6 10 16 24 26
6 10 16 24 36
6 10 16 25 26
6 10 16 25 36
6 10 16 26 27
6 10 16 26 28
6 10 16 26 29
6 10 16 26 30
6 10 16 26 31
6 10 16 26 32
6 10 16 26 33
6 10 16 26 34
6 10 16 26 35
6 10 16 26 36
6 10 16 26 37
6 10 16 26 38
6 10 16 26 39
6 10 16 26 40
6 10 16 26 41
6 10 16 26 42
6 10 16 26 43
6 10 16 26 44
6 10 16 26 45
6 10 16 27 36
6 10 16 28 36
6 10 16 29 36
6 10 16 30 36
6 10 16 31 36
6 10 16 32 36
6 10 16 33 36
6 10 16 34 36
6 10 16 35 36
6 10 16 36 37
6 10 16 36 38
6 10 16 36 39
6 10 16 36 40
6 10 16 36 41
6 10 16 36 42
6 10 16 36 43
6 10 16 36 44
6 10 16 36 45
6 10 17 26 36
6 10 18 26 36
6 10 19 26 36
6 10 20 26 36
6 10 21 26 36
6 10 22 26 36
6 10 23 26 36
6 10 24 26 36
6 10 25 26 36
6 10 26 27 36
6 10 26 28 36
6 10 26 29 36
6 10 26 30 36
6 10 26 31 36
6 10 26 32 36
6 10 26 33 36
6 10 26 34 36
6 10 26 35 36
6 10 26 36 37
6 10 26 36 38
6 10 26 36 39
6 10 26 36 40
6 10 26 36 41
6 10 26 36 42
6 10 26 36 43
6 10 26 36 44
6 10 26 36 45
6 11 12 16 26
6 11 12 16 36
6 11 12 26 36
6 11 13 16 26
6 11 13 16 36
6 11 13 26 36
6 11 14 16 26
6 11 14 16 36
6 11 14 26 36
6 11 15 16 26
6 11 15 16 36
6 11 15 26 36
6 11 16 17 26
6 11 16 17 36
6 11 16 18 26
6 11 16 18 36
6 11 16 19 26
6 11 16 19 36
6 11 16 20 26
6 11 16 20 36
6 11 16 21 26
6 11 16 21 36
6 11 16 22 26
6 11 16 22 36
6 11 16 23 26
6 11 16 23 36
6 11 16 24 26
6 11 16 24 36
6 11 16 25 26
6 11 16 25 36
6 11 16 26 27
6 11 16 26 28
6 11 16 26 29
6 11 16 26 30
6 11 16 26 31
6 11 16 26 32
6 11 16 26 33
6 11 16 26 34
6 11 16 26 35
6 11 16 26 36
6 11 16 26 37
6 11 16 26 38
6 11 16 26 39
6 11 16 26 40
6 11 16 26 41
6 11 16 26 42
6 11 16 26 43
6 11 16 26 44
6 11 16 26 45
6 11 16 27 36
6 11 16 28 36
6 11 16 29 36
6 11 16 30 36
6 11 16 31 36
6 11 16 32 36
6 11 16 33 36
6 11 16 34 36
6 11 16 35 36
6 11 16 36 37
6 11 16 36 38
6 11 16 36 39
6 11 16 36 40
6 11 16 36 41
6 11 16 36 42
6 11 16 36 43
6 11 16 36 44
6 11 16 36 45
6 11 17 26 36
6 11 18 26 36
6 11 19 26 36
6 11 20 26 36
6 11 21 26 36
6 11 22 26 36
6 11 23 26 36
6 11 24 26 36
6 11 25 26 36
6 11 26 27 36
6 11 26 28 36
6 11 26 29 36
6 11 26 30 36
6 11 26 31 36
6 11 26 32 36
6 11 26 33 36
6 11 26 34 36
6 11 26 35 36
6 11 26 36 37
6 11 26 36 38
6 11 26 36 39
6 11 26 36 40
6 11 26 36 41
6 11 26 36 42
6 11 26 36 43
6 11 26 36 44
6 11 26 36 45
6 12 13 16 26
6 12 13 16 36
6 12 13 26 36
6 12 14 16 26
6 12 14 16 36
6 12 14 26 36
6 12 15 16 26
6 12 15 16 36
6 12 15 26 36
6 12 16 17 26
6 12 16 17 36
6 12 16 18 26
6 12 16 18 36
6 12 16 19 26
6 12 16 19 36
6 12 16 20 26
6 12 16 20 36
6 12 16 21 26
6 12 16 21 36
6 12 16 22 26
6 12 16 22 36
6 12 16 23 26
6 12 16 23 36
6 12 16 24 26
6 12 16 24 36
6 12 16 25 26
6 12 16 25 36
6 12 16 26 27
6 12 16 26 28
6 12 16 26 29
6 12 16 26 30
6 12 16 26 31
6 12 16 26 32
6 12 16 26 33
6 12 16 26 34
6 12 16 26 35
6 12 16 26 36
6 12 16 26 37
6 12 16 26 38
6 12 16 26 39
6 12 16 26 40
6 12 16 26 41
6 12 16 26 42
6 12 16 26 43
6 12 16 26 44
6 12 16 26 45
6 12 16 27 36
6 12 16 28 36
6 12 16 29 36
6 12 16 30 36
6 12 16 31 36
6 12 16 32 36
6 12 16 33 36
6 12 16 34 36
6 12 16 35 36
6 12 16 36 37
6 12 16 36 38
6 12 16 36 39
6 12 16 36 40
6 12 16 36 41
6 12 16 36 42
6 12 16 36 43
6 12 16 36 44
6 12 16 36 45
6 12 17 26 36
6 12 18 26 36
6 12 19 26 36
6 12 20 26 36
6 12 21 26 36
6 12 22 26 36
6 12 23 26 36
6 12 24 26 36
6 12 25 26 36
6 12 26 27 36
6 12 26 28 36
6 12 26 29 36
6 12 26 30 36
6 12 26 31 36
6 12 26 32 36
6 12 26 33 36
6 12 26 34 36
6 12 26 35 36
6 12 26 36 37
6 12 26 36 38
6 12 26 36 39
6 12 26 36 40
6 12 26 36 41
6 12 26 36 42
6 12 26 36 43
6 12 26 36 44
6 12 26 36 45
6 13 14 16 26
6 13 14 16 36
6 13 14 26 36
6 13 15 16 26
6 13 15 16 36
6 13 15 26 36
6 13 16 17 26
6 13 16 17 36
6 13 16 18 26
6 13 16 18 36
6 13 16 19 26
6 13 16 19 36
6 13 16 20 26
6 13 16 20 36
6 13 16 21 26
6 13 16 21 36
6 13 16 22 26
6 13 16 22 36
6 13 16 23 26
6 13 16 23 36
6 13 16 24 26
6 13 16 24 36
6 13 16 25 26
6 13 16 25 36
6 13 16 26 27
6 13 16 26 28
6 13 16 26 29
6 13 16 26 30
6 13 16 26 31
6 13 16 26 32
6 13 16 26 33
6 13 16 26 34
6 13 16 26 35
6 13 16 26 36
6 13 16 26 37
6 13 16 26 38
6 13 16 26 39
6 13 16 26 40
6 13 16 26 41
6 13 16 26 42
6 13 16 26 43
6 13 16 26 44
6 13 16 26 45
6 13 16 27 36
6 13 16 28 36
6 13 16 29 36
6 13 16 30 36
6 13 16 31 36
6 13 16 32 36
6 13 16 33 36
6 13 16 34 36
6 13 16 35 36
6 13 16 36 37
6 13 16 36 38
6 13 16 36 39
6 13 16 36 40
6 13 16 36 41
6 13 16 36 42
6 13 16 36 43
6 13 16 36 44
6 13 16 36 45
6 13 17 26 36
6 13 18 26 36
6 13 19 26 36
6 13 20 26 36
6 13 21 26 36
6 13 22 26 36
6 13 23 26 36
6 13 24 26 36
6 13 25 26 36
6 13 26 27 36
6 13 26 28 36
6 13 26 29 36
6 13 26 30 36
6 13 26 31 36
6 13 26 32 36
6 13 26 33 36
6 13 26 34 36
6 13 26 35 36
6 13 26 36 37
6 13 26 36 38
6 13 26 36 39
6 13 26 36 40
6 13 26 36 41
6 13 26 36 42
6 13 26 36 43
6 13 26 36 44
6 13 26 36 45
6 14 15 16 26
6 14 15 16 36
6 14 15 26 36
6 14 16 17 26
6 14 16 17 36
6 14 16 18 26
6 14 16 18 36
6 14 16 19 26
6 14 16 19 36
6 14 16 20 26
6 14 16 20 36
6 14 16 21 26
6 14 16 21 36
6 14 16 22 26
6 14 16 22 36
6 14 16 23 26
6 14 16 23 36
6 14 16 24 26
6 14 16 24 36
6 14 16 25 26
6 14 16 25 36
6 14 16 26 27
6 14 16 26 28
6 14 16 26 29
6 14 16 26 30
6 14 16 26 31
6 14 16 26 32
6 14 16 26 33
6 14 16 26 34
6 14 16 26 35
6 14 16 26 36
6 14 16 26 37
6 14 16 26 38
6 14 16 26 39
6 14 16 26 40
6 14 16 26 41
6 14 16 26 42
6 14 16 26 43
6 14 16 26 44
6 14 16 26 45
6 14 16 27 36
6 14 16 28 36
6 14 16 29 36
6 14 16 30 36
6 14 16 31 36
6 14 16 32 36
6 14 16 33 36
6 14 16 34 36
6 14 16 35 36
6 14 16 36 37
6 14 16 36 38
6 14 16 36 39
6 14 16 36 40
6 14 16 36 41
6 14 16 36 42
6 14 16 36 43
6 14 16 36 44
6 14 16 36 45
6 14 17 26 36
6 14 18 26 36
6 14 19 26 36
6 14 20 26 36
6 14 21 26 36
6 14 22 26 36
6 14 23 26 36
6 14 24 26 36
6 14 25 26 36
6 14 26 27 36
6 14 26 28 36
6 14 26 29 36
6 14 26 30 36
6 14 26 31 36
6 14 26 32 36
6 14 26 33 36
6 14 26 34 36
6 14 26 35 36
6 14 26 36 37
6 14 26 36 38
6 14 26 36 39
6 14 26 36 40
6 14 26 36 41
6 14 26 36 42
6 14 26 36 43
6 14 26 36 44
6 14 26 36 45
6 15 16 17 26
6 15 16 17 36
6 15 16 18 26
6 15 16 18 36
6 15 16 19 26
6 15 16 19 36
6 15 16 20 26
6 15 16 20 36
6 15 16 21 26
6 15 16 21 36
6 15 16 22 26
6 15 16 22 36
6 15 16 23 26
6 15 16 23 36
6 15 16 24 26
6 15 16 24 36
6 15 16 25 26
6 15 16 25 36
6 15 16 26 27
6 15 16 26 28
6 15 16 26 29
6 15 16 26 30
6 15 16 26 31
6 15 16 26 32
6 15 16 26 33
6 15 16 26 34
6 15 16 26 35
6 15 16 26 36
6 15 16 26 37
6 15 16 26 38
6 15 16 26 39
6 15 16 26 40
6 15 16 26 41
6 15 16 26 42
6 15 16 26 43
6 15 16 26 44
6 15 16 26 45
6 15 16 27 36
6 15 16 28 36
6 15 16 29 36
6 15 16 30 36
6 15 16 31 36
6 15 16 32 36
6 15 16 33 36
6 15 16 34 36
6 15 16 35 36
6 15 16 36 37
6 15 16 36 38
6 15 16 36 39
6 15 16 36 40
6 15 16 36 41
6 15 16 36 42
6 15 16 36 43
6 15 16 36 44
6 15 16 36 45
6 15 17 26 36
6 15 18 26 36
6 15 19 26 36
6 15 20 26 36
6 15 21 26 36
6 15 22 26 36
6 15 23 26 36
6 15 24 26 36
6 15 25 26 36
6 15 26 27 36
6 15 26 28 36
6 15 26 29 36
6 15 26 30 36
6 15 26 31 36
6 15 26 32 36
6 15 26 33 36
6 15 26 34 36
6 15 26 35 36
6 15 26 36 37
6 15 26 36 38
6 15 26 36 39
6 15 26 36 40
6 15 26 36 41
6 15 26 36 42
6 15 26 36 43
6 15 26 36 44
6 15 26 36 45
6 16 17 18 26
6 16 17 18 36
6 16 17 19 26
6 16 17 19 36
6 16 17 20 26
6 16 17 20 36
6 16 17 21 26
6 16 17 21 36
6 16 17 22 26
6 16 17 22 36
6 16 17 23 26
6 16 17 23 36
6 16 17 24 26
6 16 17 24 36
6 16 17 25 26
6 16 17 25 36
6 16 17 26 27
6 16 17 26 28
6 16 17 26 29
6 16 17 26 30
6 16 17 26 31
6 16 17 26 32
6 16 17 26 33
6 16 17 26 34
6 16 17 26 35
6 16 17 26 36
6 16 17 26 37
6 16 17 26 38
6 16 17 26 39
6 16 17 26 40
6 16 17 26 41
6 16 17 26 42
6 16 17 26 43
6 16 17 26 44
6 16 17 26 45
6 16 17 27 36
6 16 17 28 36
6 16 17 29 36
6 16 17 30 36
6 16 17 31 36
6 16 17 32 36
6 16 17 33 36
6 16 17 34 36
6 16 17 35 36
6 16 17 36 37
6 16 17 36 38
6 16 17 36 39
6 16 17 36 40
6 16 17 36 41
6 16 17 36 42
6 16 17 36 43
6 16 17 36 44
6 16 17 36 45
6 16 18 19 26
6 16 18 19 36
6 16 18 20 26
6 16 18 20 36
6 16 18 21 26
6 16 18 21 36
6 16 18 22 26
6 16 18 22 36
6 16 18 23 26
6 16 18 23 36
6 16 18 24 26
6 16 18 24 36
6 16 18 25 26
6 16 18 25 36
6 16 18 26 27
6 16 18 26 28
6 16 18 26 29
6 16 18 26 30
6 16 18 26 31
6 16 18 26 32
6 16 18 26 33
6 16 18 26 34
6 16 18 26 35
6 16 18 26 36
6 16 18 26 37
6 16 18 26 38
6 16 18 26 39
6 16 18 26 40
6 16 18 26 41
6 16 18 26 42
6 16 18 26 43
6 16 18 26 44
6 16 18 26 45
6 16 18 27 36
6 16 18 28 36
6 16 18 29 36
6 16 18 30 36
6 16 18 31 36
6 16 18 32 36
6 16 18 33 36
6 16 18 34 36
6 16 18 35 36
6 16 18 36 37
6 16 18 36 38
6 16 18 36 39
6 16 18 36 40
6 16 18 36 41
6 16 18 36 42
6 16 18 36 43
6 16 18 36 44
6 16 18 36 45
6 16 19 20 26
6 16 19 20 36
6 16 19 21 26
6 16 19 21 36
6 16 19 22 26
6 16 19 22 36
6 16 19 23 26
6 16 19 23 36
6 16 19 24 26
6 16 19 24 36
6 16 19 25 26
6 16 19 25 36
6 16 19 26 27
6 16 19 26 28
6 16 19 26 29
6 16 19 26 30
6 16 19 26 31
6 16 19 26 32
6 16 19 26 33
6 16 19 26 34
6 16 19 26 35
6 16 19 26 36
6 16 19 26 37
6 16 19 26 38
6 16 19 26 39
6 16 19 26 40
6 16 19 26 41
6 16 19 26 42
6 16 19 26 43
6 16 19 26 44
6 16 19 26 45
6 16 19 27 36
6 16 19 28 36
6 16 19 29 36
6 16 19 30 36
6 16 19 31 36
6 16 19 32 36
6 16 19 33 36
6 16 19 34 36
6 16 19 35 36
6 16 19 36 37
6 16 19 36 38
6 16 19 36 39
6 16 19 36 40
6 16 19 36 41
6 16 19 36 42
6 16 19 36 43
6 16 19 36 44
6 16 19 36 45
6 16 20 21 26
6 16 20 21 36
6 16 20 22 26
6 16 20 22 36
6 16 20 23 26
6 16 20 23 36
6 16 20 24 26
6 16 20 24 36
6 16 20 25 26
6 16 20 25 36
6 16 20 26 27
6 16 20 26 28
6 16 20 26 29
6 16 20 26 30
6 16 20 26 31
6 16 20 26 32
6 16 20 26 33
6 16 20 26 34
6 16 20 26 35
6 16 20 26 36
6 16 20 26 37
6 16 20 26 38
6 16 20 26 39
6 16 20 26 40
6 16 20 26 41
6 16 20 26 42
6 16 20 26 43
6 16 20 26 44
6 16 20 26 45
6 16 20 27 36
6 16 20 28 36
6 16 20 29 36
6 16 20 30 36
6 16 20 31 36
6 16 20 32 36
6 16 20 33 36
6 16 20 34 36
6 16 20 35 36
6 16 20 36 37
6 16 20 36 38
6 16 20 36 39
6 16 20 36 40
6 16 20 36 41
6 16 20 36 42
6 16 20 36 43
6 16 20 36 44
6 16 20 36 45
6 16 21 22 26
6 16 21 22 36
6 16 21 23 26
6 16 21 23 36
6 16 21 24 26
6 16 21 24 36
6 16 21 25 26
6 16 21 25 36
6 16 21 26 27
6 16 21 26 28
6 16 21 26 29
6 16 21 26 30
6 16 21 26 31
6 16 21 26 32
6 16 21 26 33
6 16 21 26 34
6 16 21 26 35
6 16 21 26 36
6 16 21 26 37
6 16 21 26 38
6 16 21 26 39
6 16 21 26 40
6 16 21 26 41
6 16 21 26 42
6 16 21 26 43
6 16 21 26 44
6 16 21 26 45
6 16 21 27 36
6 16 21 28 36
6 16 21 29 36
6 16 21 30 36
6 16 21 31 36
6 16 21 32 36
6 16 21 33 36
6 16 21 34 36
6 16 21 35 36
6 16 21 36 37
6 16 21 36 38
6 16 21 36 39
6 16 21 36 40
6 16 21 36 41
6 16 21 36 42
6 16 21 36 43
6 16 21 36 44
6 16 21 36 45
6 16 22 23 26
6 16 22 23 36
6 16 22 24 26
6 16 22 24 36
6 16 22 25 26
6 16 22 25 36
6 16 22 26 27
6 16 22 26 28
6 16 22 26 29
6 16 22 26 30
6 16 22 26 31
6 16 22 26 32
6 16 22 26 33
6 16 22 26 34
6 16 22 26 35
6 16 22 26 36
6 16 22 26 37
6 16 22 26 38
6 16 22 26 39
6 16 22 26 40
6 16 22 26 41
6 16 22 26 42
6 16 22 26 43
6 16 22 26 44
6 16 22 26 45
6 16 22 27 36
6 16 22 28 36
6 16 22 29 36
6 16 22 30 36
6 16 22 31 36
6 16 22 32 36
6 16 22 33 36
6 16 22 34 36
6 16 22 35 36
6 16 22 36 37
6 16 22 36 38
6 16 22 36 39
6 16 22 36 40
6 16 22 36 41
6 16 22 36 42
6 16 22 36 43
6 16 22 36 44
6 16 22 36 45
6 16 23 24 26
6 16 23 24 36
6 16 23 25 26
6 16 23 25 36
6 16 23 26 27
6 16 23 26 28
6 16 23 26 29
6 16 23 26 30
6 16 23 26 31
6 16 23 26 32
6 16 23 26 33
6 16 23 26 34
6 16 23 26 35
6 16 23 26 36
6 16 23 26 37
6 16 23 26 38
6 16 23 26 39
6 16 23 26 40
6 16 23 26 41
6 16 23 26 42
6 16 23 26 43
6 16 23 26 44
6 16 23 26 45
6 16 23 27 36
6 16 23 28 36
6 16 23 29 36
6 16 23 30 36
6 16 23 31 36
6 16 23 32 36
6 16 23 33 36
6 16 23 34 36
6 16 23 35 36
6 16 23 36 37
6 16 23 36 38
6 16 23 36 39
6 16 23 36 40
6 16 23 36 41
6 16 23 36 42
6 16 23 36 43
6 16 23 36 44
6 16 23 36 45
6 16 24 25 26
6 16 24 25 36
6 16 24 26 27
6 16 24 26 28
6 16 24 26 29
6 16 24 26 30
6 16 24 26 31
6 16 24 26 32
6 16 24 26 33
6 16 24 26 34
6 16 24 26 35
6 16 24 26 36
6 16 24 26 37
6 16 24 26 38
6 16 24 26 39
6 16 24 26 40
6 16 24 26 41
6 16 24 26 42
6 16 24 26 43
6 16 24 26 44
6 16 24 26 45
6 16 24 27 36
6 16 24 28 36
6 16 24 29 36
6 16 24 30 36
6 16 24 31 36
6 16 24 32 36
6 16 24 33 36
6 16 24 34 36
6 16 24 35 36
6 16 24 36 37
6 16 24 36 38
6 16 24 36 39
6 16 24 36 40
6 16 24 36 41
6 16 24 36 42
6 16 24 36 43
6 16 24 36 44
6 16 24 36 45
6 16 25 26 27
6 16 25 26 28
6 16 25 26 29
6 16 25 26 30
6 16 25 26 31
6 16 25 26 32
6 16 25 26 33
6 16 25 26 34
6 16 25 26 35
6 16 25 26 36
6 16 25 26 37
6 16 25 26 38
6 16 25 26 39
6 16 25 26 40
6 16 25 26 41
6 16 25 26 42
6 16 25 26 43
6 16 25 26 44
6 16 25 26 45
6 16 25 27 36
6 16 25 28 36
6 16 25 29 36
6 16 25 30 36
6 16 25 31 36
6 16 25 32 36
6 16 25 33 36
6 16 25 34 36
6 16 25 35 36
6 16 25 36 37
6 16 25 36 38
6 16 25 36 39
6 16 25 36 40
6 16 25 36 41
6 16 25 36 42
6 16 25 36 43
6 16 25 36 44
6 16 25 36 45
6 16 26 27 28
6 16 26 27 29
6 16 26 27 30
6 16 26 27 31
6 16 26 27 32
6 16 26 27 33
6 16 26 27 34
6 16 26 27 35
6 16 26 27 36
6 16 26 27 37
6 16 26 27 38
6 16 26 27 39
6 16 26 27 40
6 16 26 27 41
6 16 26 27 42
6 16 26 27 43
6 16 26 27 44
6 16 26 27 45
6 16 26 28 29
6 16 26 28 30
6 16 26 28 31
6 16 26 28 32
6 16 26 28 33
6 16 26 28 34
6 16 26 28 35
6 16 26 28 36
6 16 26 28 37
6 16 26 28 38
6 16 26 28 39
6 16 26 28 40
6 16 26 28 41
6 16 26 28 42
6 16 26 28 43
6 16 26 28 44
6 16 26 28 45
6 16 26 29 30
6 16 26 29 31
6 16 26 29 32
6 16 26 29 33
6 16 26 29 34
6 16 26 29 35
6 16 26 29 36
6 16 26 29 37
6 16 26 29 38
6 16 26 29 39
6 16 26 29 40
6 16 26 29 41
6 16 26 29 42
6 16 26 29 43
6 16 26 29 44
6 16 26 29 45
6 16 26 30 31
6 16 26 30 32
6 16 26 30 33
6 16 26 30 34
6 16 26 30 35
6 16 26 30 36
6 16 26 30 37
6 16 26 30 38
6 16 26 30 39
6 16 26 30 40
6 16 26 30 41
6 16 26 30 42
6 16 26 30 43
6 16 26 30 44
6 16 26 30 45
6 16 26 31 32
6 16 26 31 33
6 16 26 31 34
6 16 26 31 35
6 16 26 31 36
6 16 26 31 37
6 16 26 31 38
6 16 26 31 39
6 16 26 31 40
6 16 26 31 41
6 16 26 31 42
6 16 26 31 43
6 16 26 31 44
6 16 26 31 45
6 16 26 32 33
6 16 26 32 34
6 16 26 32 35
6 16 26 32 36
6 16 26 32 37
6 16 26 32 38
6 16 26 32 39
6 16 26 32 40
6 16 26 32 41
6 16 26 32 42
6 16 26 32 43
6 16 26 32 44
6 16 26 32 45
6 16 26 33 34
6 16 26 33 35
6 16 26 33 36
6 16 26 33 37
6 16 26 33 38
6 16 26 33 39
6 16 26 33 40
6 16 26 33 41
6 16 26 33 42
6 16 26 33 43
6 16 26 33 44
6 16 26 33 45
6 16 26 34 35
6 16 26 34 36
6 16 26 34 37
6 16 26 34 38
6 16 26 34 39
6 16 26 34 40
6 16 26 34 41
6 16 26 34 42
6 16 26 34 43
6 16 26 34 44
6 16 26 34 45
6 16 26 35 36
6 16 26 35 37
6 16 26 35 38
6 16 26 35 39
6 16 26 35 40
6 16 26 35 41
6 16 26 35 42
6 16 26 35 43
6 16 26 35 44
6 16 26 35 45
6 16 26 36 37
6 16 26 36 38
6 16 26 36 39
6 16 26 36 40
6 16 26 36 41
6 16 26 36 42
6 16 26 36 43
6 16 26 36 44
6 16 26 36 45
6 16 26 37 38
6 16 26 37 39
6 16 26 37 40
6 16 26 37 41
6 16 26 37 42
6 16 26 37 43
6 16 26 37 44
6 16 26 37 45
6 16 26 38 39
6 16 26 38 40
6 16 26 38 41
6 16 26 38 42
6 16 26 38 43
6 16 26 38 44
6 16 26 38 45
6 16 26 39 40
6 16 26 39 41
6 16 26 39 42
6 16 26 39 43
6 16 26 39 44
6 16 26 39 45
6 16 26 40 41
6 16 26 40 42
6 16 26 40 43
6 16 26 40 44
6 16 26 40 45
6 16 26 41 42
6 16 26 41 43
6 16 26 41 44
6 16 26 41 45
6 16 26 42 43
6 16 26 42 44
6 16 26 42 45
6 16 26 43 44
6 16 26 43 45
6 16 26 44 45
6 16 27 28 36
6 16 27 29 36
6 16 27 30 36
6 16 27 31 36
6 16 27 32 36
6 16 27 33 36
6 16 27 34 36
6 16 27 35 36
6 16 27 36 37
6 16 27 36 38
6 16 27 36 39
6 16 27 36 40
6 16 27 36 41
6 16 27 36 42
6 16 27 36 43
6 16 27 36 44
6 16 27 36 45
6 16 28 29 36
6 16 28 30 36
6 16 28 31 36
6 16 28 32 36
6 16 28 33 36
6 16 28 34 36
6 16 28 35 36
6 16 28 36 37
6 16 28 36 38
6 16 28 36 39
6 16 28 36 40
6 16 28 36 41
6 16 28 36 42
6 16 28 36 43
6 16 28 36 44
6 16 28 36 45
6 16 29 30 36
6 16 29 31 36
6 16 29 32 36
6 16 29 33 36
6 16 29 34 36
6 16 29 35 36
6 16 29 36 37
6 16 29 36 38
6 16 29 36 39
6 16 29 36 40
6 16 29 36 41
6 16 29 36 42
6 16 29 36 43
6 16 29 36 44
6 16 29 36 45
6 16 30 31 36
6 16 30 32 36
6 16 30 33 36
6 16 30 34 36
6 16 30 35 36
6 16 30 36 37
6 16 30 36 38
6 16 30 36 39
6 16 30 36 40
6 16 30 36 41
6 16 30 36 42
6 16 30 36 43
6 16 30 36 44
6 16 30 36 45
6 16 31 32 36
6 16 31 33 36
6 16 31 34 36
6 16 31 35 36
6 16 31 36 37
6 16 31 36 38
6 16 31 36 39
6 16 31 36 40
6 16 31 36 41
6 16 31 36 42
6 16 31 36 43
6 16 31 36 44
6 16 31 36 45
6 16 32 33 36
6 16 32 34 36
6 16 32 35 36
6 16 32 36 37
6 16 32 36 38
6 16 32 36 39
6 16 32 36 40
6 16 32 36 41
6 16 32 36 42
6 16 32 36 43
6 16 32 36 44
6 16 32 36 45
6 16 33 34 36
6 16 33 35 36
6 16 33 36 37
6 16 33 36 38
6 16 33 36 39
6 16 33 36 40
6 16 33 36 41
6 16 33 36 42
6 16 33 36 43
6 16 33 36 44
6 16 33 36 45
6 16 34 35 36
6 16 34 36 37
6 16 34 36 38
6 16 34 36 39
6 16 34 36 40
6 16 34 36 41
6 16 34 36 42
6 16 34 36 43
6 16 34 36 44
6 16 34 36 45
6 16 35 36 37
6 16 35 36 38
6 16 35 36 39
6 16 35 36 40
6 16 35 36 41
6 16 35 36 42
6 16 35 36 43
6 16 35 36 44
6 16 35 36 45
6 16 36 37 38
6 16 36 37 39
6 16 36 37 40
6 16 36 37 41
6 16 36 37 42
6 16 36 37 43
6 16 36 37 44
6 16 36 37 45
6 16 36 38 39
6 16 36 38 40
6 16 36 38 41
6 16 36 38 42
6 16 36 38 43
6 16 36 38 44
6 16 36 38 45
6 16 36 39 40
6 16 36 39 41
6 16 36 39 42
6 16 36 39 43
6 16 36 39 44
6 16 36 39 45
6 16 36 40 41
6 16 36 40 42
6 16 36 40 43
6 16 36 40 44
6 16 36 40 45
6 16 36 41 42
6 16 36 41 43
6 16 36 41 44
6 16 36 41 45
6 16 36 42 43
6 16 36 42 44
6 16 36 42 45
6 16 36 43 44
6 16 36 43 45
6 16 36 44 45
6 17 18 26 36
6 17 19 26 36
6 17 20 26 36
6 17 21 26 36
6 17 22 26 36
6 17 23 26 36
6 17 24 26 36
6 17 25 26 36
6 17 26 27 36
6 17 26 28 36
6 17 26 29 36
6 17 26 30 36
6 17 26 31 36
6 17 26 32 36
6 17 26 33 36
6 17 26 34 36
6 17 26 35 36
6 17 26 36 37
6 17 26 36 38
6 17 26 36 39
6 17 26 36 40
6 17 26 36 41
6 17 26 36 42
6 17 26 36 43
6 17 26 36 44
6 17 26 36 45
6 18 19 26 36
6 18 20 26 36
6 18 21 26 36
6 18 22 26 36
6 18 23 26 36
6 18 24 26 36
6 18 25 26 36
6 18 26 27 36
6 18 26 28 36
6 18 26 29 36
6 18 26 30 36
6 18 26 31 36
6 18 26 32 36
6 18 26 33 36
6 18 26 34 36
6 18 26 35 36
6 18 26 36 37
6 18 26 36 38
6 18 26 36 39
6 18 26 36 40
6 18 26 36 41
6 18 26 36 42
6 18 26 36 43
6 18 26 36 44
6 18 26 36 45
6 19 20 26 36
6 19 21 26 36
6 19 22 26 36
6 19 23 26 36
6 19 24 26 36
6 19 25 26 36
6 19 26 27 36
6 19 26 28 36
6 19 26 29 36
6 19 26 30 36
6 19 26 31 36
6 19 26 32 36
6 19 26 33 36
6 19 26 34 36
6 19 26 35 36
6 19 26 36 37
6 19 26 36 38
6 19 26 36 39
6 19 26 36 40
6 19 26 36 41
6 19 26 36 42
6 19 26 36 43
6 19 26 36 44
6 19 26 36 45
6 20 21 26 36
6 20 22 26 36
6 20 23 26 36
6 20 24 26 36
6 20 25 26 36
6 20 26 27 36
6 20 26 28 36
6 20 26 29 36
6 20 26 30 36
6 20 26 31 36
6 20 26 32 36
6 20 26 33 36
6 20 26 34 36
6 20 26 35 36
6 20 26 36 37
6 20 26 36 38
6 20 26 36 39
6 20 26 36 40
6 20 26 36 41
6 20 26 36 42
6 20 26 36 43
6 20 26 36 44
6 20 26 36 45
6 21 22 26 36
6 21 23 26 36
6 21 24 26 36
6 21 25 26 36
6 21 26 27 36
6 21 26 28 36
6 21 26 29 36
6 21 26 30 36
6 21 26 31 36
6 21 26 32 36
6 21 26 33 36
6 21 26 34 36
6 21 26 35 36
6 21 26 36 37
6 21 26 36 38
6 21 26 36 39
6 21 26 36 40
6 21 26 36 41
6 21 26 36 42
6 21 26 36 43
6 21 26 36 44
6 21 26 36 45
6 22 23 26 36
6 22 24 26 36
6 22 25 26 36
6 22 26 27 36
6 22 26 28 36
6 22 26 29 36
6 22 26 30 36
6 22 26 31 36
6 22 26 32 36
6 22 26 33 36
6 22 26 34 36
6 22 26 35 36
6 22 26 36 37
6 22 26 36 38
6 22 26 36 39
6 22 26 36 40
6 22 26 36 41
6 22 26 36 42
6 22 26 36 43
6 22 26 36 44
6 22 26 36 45
6 23 24 26 36
6 23 25 26 36
6 23 26 27 36
6 23 26 28 36
6 23 26 29 36
6 23 26 30 36
6 23 26 31 36
6 23 26 32 36
6 23 26 33 36
6 23 26 34 36
6 23 26 35 36
6 23 26 36 37
6 23 26 36 38
6 23 26 36 39
6 23 26 36 40
6 23 26 36 41
6 23 26 36 42
6 23 26 36 43
6 23 26 36 44
6 23 26 36 45
6 24 25 26 36
6 24 26 27 36
6 24 26 28 36
6 24 26 29 36
6 24 26 30 36
6 24 26 31 36
6 24 26 32 36
6 24 26 33 36
6 24 26 34 36
6 24 26 35 36
6 24 26 36 37
6 24 26 36 38
6 24 26 36 39
6 24 26 36 40
6 24 26 36 41
6 24 26 36 42
6 24 26 36 43
6 24 26 36 44
6 24 26 36 45
6 25 26 27 36
6 25 26 28 36
6 25 26 29 36
6 25 26 30 36
6 25 26 31 36
6 25 26 32 36
6 25 26 33 36
6 25 26 34 36
6 25 26 35 36
6 25 26 36 37
6 25 26 36 38
6 25 26 36 39
6 25 26 36 40
6 25 26 36 41
6 25 26 36 42
6 25 26 36 43
6 25 26 36 44
6 25 26 36 45
6 26 27 28 36
6 26 27 29 36
6 26 27 30 36
6 26 27 31 36
6 26 27 32 36
6 26 27 33 36
6 26 27 34 36
6 26 27 35 36
6 26 27 36 37
6 26 27 36 38
6 26 27 36 39
6 26 27 36 40
6 26 27 36 41
6 26 27 36 42
6 26 27 36 43
6 26 27 36 44
6 26 27 36 45
6 26 28 29 36
6 26 28 30 36
6 26 28 31 36
6 26 28 32 36
6 26 28 33 36
6 26 28 34 36
6 26 28 35 36
6 26 28 36 37
6 26 28 36 38
6 26 28 36 39
6 26 28 36 40
6 26 28 36 41
6 26 28 36 42
6 26 28 36 43
6 26 28 36 44
6 26 28 36 45
6 26 29 30 36
6 26 29 31 36
6 26 29 32 36
6 26 29 33 36
6 26 29 34 36
6 26 29 35 36
6 26 29 36 37
6 26 29 36 38
6 26 29 36 39
6 26 29 36 40
6 26 29 36 41
6 26 29 36 42
6 26 29 36 43
6 26 29 36 44
6 26 29 36 45
6 26 30 31 36
6 26 30 32 36
6 26 30 33 36
6 26 30 34 36
6 26 30 35 36
6 26 30 36 37
6 26 30 36 38
6 26 30 36 39
6 26 30 36 40
6 26 30 36 41
6 26 30 36 42
6 26 30 36 43
6 26 30 36 44
6 26 30 36 45
6 26 31 32 36
6 26 31 33 36
6 26 31 34 36
6 26 31 35 36
6 26 31 36 37
6 26 31 36 38
6 26 31 36 39
6 26 31 36 40
6 26 31 36 41
6 26 31 36 42
6 26 31 36 43
6 26 31 36 44
6 26 31 36 45
6 26 32 33 36
6 26 32 34 36
6 26 32 35 36
6 26 32 36 37
6 26 32 36 38
6 26 32 36 39
6 26 32 36 40
6 26 32 36 41
6 26 32 36 42
6 26 32 36 43
6 26 32 36 44
6 26 32 36 45
6 26 33 34 36
6 26 33 35 36
6 26 33 36 37
6 26 33 36 38
6 26 33 36 39
6 26 33 36 40
6 26 33 36 41
6 26 33 36 42
6 26 33 36 43
6 26 33 36 44
6 26 33 36 45
6 26 34 35 36
6 26 34 36 37
6 26 34 36 38
6 26 34 36 39
6 26 34 36 40
6 26 34 36 41
6 26 34 36 42
6 26 34 36 43
6 26 34 36 44
6 26 34 36 45
6 26 35 36 37
6 26 35 36 38
6 26 35 36 39
6 26 35 36 40
6 26 35 36 41
6 26 35 36 42
6 26 35 36 43
6 26 35 36 44
6 26 35 36 45
6 26 36 37 38
6 26 36 37 39
6 26 36 37 40
6 26 36 37 41
6 26 36 37 42
6 26 36 37 43
6 26 36 37 44
6 26 36 37 45
6 26 36 38 39
6 26 36 38 40
6 26 36 38 41
6 26 36 38 42
6 26 36 38 43
6 26 36 38 44
6 26 36 38 45
6 26 36 39 40
6 26 36 39 41
6 26 36 39 42
6 26 36 39 43
6 26 36 39 44
6 26 36 39 45
6 26 36 40 41
6 26 36 40 42
6 26 36 40 43
6 26 36 40 44
6 26 36 40 45
6 26 36 41 42
6 26 36 41 43
6 26 36 41 44
6 26 36 41 45
6 26 36 42 43
6 26 36 42 44
6 26 36 42 45
6 26 36 43 44
6 26 36 43 45
6 26 36 44 45
7 8 16 26 36
7 9 16 26 36
7 10 16 26 36
7 11 16 26 36
7 12 16 26 36
7 13 16 26 36
7 14 16 26 36
7 15 16 26 36
7 16 17 26 36
7 16 18 26 36
7 16 19 26 36
7 16 20 26 36
7 16 21 26 36
7 16 22 26 36
7 16 23 26 36
7 16 24 26 36
7 16 25 26 36
7 16 26 27 36
7 16 26 28 36
7 16 26 29 36
7 16 26 30 36
7 16 26 31 36
7 16 26 32 36
7 16 26 33 36
7 16 26 34 36
7 16 26 35 36
7 16 26 36 37
7 16 26 36 38
7 16 26 36 39
7 16 26 36 40
7 16 26 36 41
7 16 26 36 42
7 16 26 36 43
7 16 26 36 44
7 16 26 36 45
8 9 16 26 36
8 10 16 26 36
8 11 16 26 36
8 12 16 26 36
8 13 16 26 36
8 14 16 26 36
8 15 16 26 36
8 16 17 26 36
8 16 18 26 36
8 16 19 26 36
8 16 20 26 36
8 16 21 26 36
8 16 22 26 36
8 16 23 26 36
8 16 24 26 36
8 16 25 26 36
8 16 26 27 36
8 16 26 28 36
8 16 26 29 36
8 16 26 30 36
8 16 26 31 36
8 16 26 32 36
8 16 26 33 36
8 16 26 34 36
8 16 26 35 36
8 16 26 36 37
8 16 26 36 38
8 16 26 36 39
8 16 26 36 40
8 16 26 36 41
8 16 26 36 42
8 16 26 36 43
8 16 26 36 44
8 16 26 36 45
9 10 16 26 36
9 11 16 26 36
9 12 16 26 36
9 13 16 26 36
9 14 16 26 36
9 15 16 26 36
9 16 17 26 36
9 16 18 26 36
9 16 19 26 36
9 16 20 26 36
9 16 21 26 36
9 16 22 26 36
9 16 23 26 36
9 16 24 26 36
9 16 25 26 36
9 16 26 27 36
9 16 26 28 36
9 16 26 29 36
9 16 26 30 36
9 16 26 31 36
9 16 26 32 36
9 16 26 33 36
9 16 26 34 36
9 16 26 35 36
9 16 26 36 37
9 16 26 36 38
9 16 26 36 39
9 16 26 36 40
9 16 26 36 41
9 16 26 36 42
9 16 26 36 43
9 16 26 36 44
9 16 26 36 45
10 11 16 26 36
10 12 16 26 36
10 13 16 26 36
10 14 16 26 36
10 15 16 26 36
10 16 17 26 36
10 16 18 26 36
10 16 19 26 36
10 16 20 26 36
10 16 21 26 36
10 16 22 26 36
10 16 23 26 36
10 16 24 26 36
10 16 25 26 36
10 16 26 27 36
10 16 26 28 36
10 16 26 29 36
10 16 26 30 36
10 16 26 31 36
10 16 26 32 36
10 16 26 33 36
10 16 26 34 36
10 16 26 35 36
10 16 26 36 37
10 16 26 36 38
10 16 26 36 39
10 16 26 36 40
10 16 26 36 41
10 16 26 36 42
10 16 26 36 43
10 16 26 36 44
10 16 26 36 45
11 12 16 26 36
11 13 16 26 36
11 14 16 26 36
11 15 16 26 36
11 16 17 26 36
11 16 18 26 36
11 16 19 26 36
11 16 20 26 36
11 16 21 26 36
11 16 22 26 36
11 16 23 26 36
11 16 24 26 36
11 16 25 26 36
11 16 26 27 36
11 16 26 28 36
11 16 26 29 36
11 16 26 30 36
11 16 26 31 36
11 16 26 32 36
11 16 26 33 36
11 16 26 34 36
11 16 26 35 36
11 16 26 36 37
11 16 26 36 38
11 16 26 36 39
11 16 26 36 40
11 16 26 36 41
11 16 26 36 42
11 16 26 36 43
11 16 26 36 44
11 16 26 36 45
12 13 16 26 36
12 14 16 26 36
12 15 16 26 36
12 16 17 26 36
12 16 18 26 36
12 16 19 26 36
12 16 20 26 36
12 16 21 26 36
12 16 22 26 36
12 16 23 26 36
12 16 24 26 36
12 16 25 26 36
12 16 26 27 36
12 16 26 28 36
12 16 26 29 36
12 16 26 30 36
12 16 26 31 36
12 16 26 32 36
12 16 26 33 36
12 16 26 34 36
12 16 26 35 36
12 16 26 36 37
12 16 26 36 38
12 16 26 36 39
12 16 26 36 40
12 16 26 36 41
12 16 26 36 42
12 16 26 36 43
12 16 26 36 44
12 16 26 36 45
13 14 16 26 36
13 15 16 26 36
13 16 17 26 36
13 16 18 26 36
13 16 19 26 36
13 16 20 26 36
13 16 21 26 36
13 16 22 26 36
13 16 23 26 36
13 16 24 26 36
13 16 25 26 36
13 16 26 27 36
13 16 26 28 36
13 16 26 29 36
13 16 26 30 36
13 16 26 31 36
13 16 26 32 36
13 16 26 33 36
13 16 26 34 36
13 16 26 35 36
13 16 26 36 37
13 16 26 36 38
13 16 26 36 39
13 16 26 36 40
13 16 26 36 41
13 16 26 36 42
13 16 26 36 43
13 16 26 36 44
13 16 26 36 45
14 15 16 26 36
14 16 17 26 36
14 16 18 26 36
14 16 19 26 36
14 16 20 26 36
14 16 21 26 36
14 16 22 26 36
14 16 23 26 36
14 16 24 26 36
14 16 25 26 36
14 16 26 27 36
14 16 26 28 36
14 16 26 29 36
14 16 26 30 36
14 16 26 31 36
14 16 26 32 36
14 16 26 33 36
14 16 26 34 36
14 16 26 35 36
14 16 26 36 37
14 16 26 36 38
14 16 26 36 39
14 16 26 36 40
14 16 26 36 41
14 16 26 36 42
14 16 26 36 43
14 16 26 36 44
14 16 26 36 45
15 16 17 26 36
15 16 18 26 36
15 16 19 26 36
15 16 20 26 36
15 16 21 26 36
15 16 22 26 36
15 16 23 26 36
15 16 24 26 36
15 16 25 26 36
15 16 26 27 36
15 16 26 28 36
15 16 26 29 36
15 16 26 30 36
15 16 26 31 36
15 16 26 32 36
15 16 26 33 36
15 16 26 34 36
15 16 26 35 36
15 16 26 36 37
15 16 26 36 38
15 16 26 36 39
15 16 26 36 40
15 16 26 36 41
15 16 26 36 42
15 16 26 36 43
15 16 26 36 44
15 16 26 36 45
16 17 18 26 36
16 17 19 26 36
16 17 20 26 36
16 17 21 26 36
16 17 22 26 36
16 17 23 26 36
16 17 24 26 36
16 17 25 26 36
16 17 26 27 36
16 17 26 28 36
16 17 26 29 36
16 17 26 30 36
16 17 26 31 36
16 17 26 32 36
16 17 26 33 36
16 17 26 34 36
16 17 26 35 36
16 17 26 36 37
16 17 26 36 38
16 17 26 36 39
16 17 26 36 40
16 17 26 36 41
16 17 26 36 42
16 17 26 36 43
16 17 26 36 44
16 17 26 36 45
16 18 19 26 36
16 18 20 26 36
16 18 21 26 36
16 18 22 26 36
16 18 23 26 36
16 18 24 26 36
16 18 25 26 36
16 18 26 27 36
16 18 26 28 36
16 18 26 29 36
16 18 26 30 36
16 18 26 31 36
16 18 26 32 36
16 18 26 33 36
16 18 26 34 36
16 18 26 35 36
16 18 26 36 37
16 18 26 36 38
16 18 26 36 39
16 18 26 36 40
16 18 26 36 41
16 18 26 36 42
16 18 26 36 43
16 18 26 36 44
16 18 26 36 45
16 19 20 26 36
16 19 21 26 36
16 19 22 26 36
16 19 23 26 36
16 19 24 26 36
16 19 25 26 36
16 19 26 27 36
16 19 26 28 36
16 19 26 29 36
16 19 26 30 36
16 19 26 31 36
16 19 26 32 36
16 19 26 33 36
16 19 26 34 36
16 19 26 35 36
16 19 26 36 37
16 19 26 36 38
16 19 26 36 39
16 19 26 36 40
16 19 26 36 41
16 19 26 36 42
16 19 26 36 43
16 19 26 36 44
16 19 26 36 45
16 20 21 26 36
16 20 22 26 36
16 20 23 26 36
16 20 24 26 36
16 20 25 26 36
16 20 26 27 36
16 20 26 28 36
16 20 26 29 36
16 20 26 30 36
16 20 26 31 36
16 20 26 32 36
16 20 26 33 36
16 20 26 34 36
16 20 26 35 36
16 20 26 36 37
16 20 26 36 38
16 20 26 36 39
16 20 26 36 40
16 20 26 36 41
16 20 26 36 42
16 20 26 36 43
16 20 26 36 44
16 20 26 36 45
16 21 22 26 36
16 21 23 26 36
16 21 24 26 36
16 21 25 26 36
16 21 26 27 36
16 21 26 28 36
16 21 26 29 36
16 21 26 30 36
16 21 26 31 36
16 21 26 32 36
16 21 26 33 36
16 21 26 34 36
16 21 26 35 36
16 21 26 36 37
16 21 26 36 38
16 21 26 36 39
16 21 26 36 40
16 21 26 36 41
16 21 26 36 42
16 21 26 36 43
16 21 26 36 44
16 21 26 36 45
16 22 23 26 36
16 22 24 26 36
16 22 25 26 36
16 22 26 27 36
16 22 26 28 36
16 22 26 29 36
16 22 26 30 36
16 22 26 31 36
16 22 26 32 36
16 22 26 33 36
16 22 26 34 36
16 22 26 35 36
16 22 26 36 37
16 22 26 36 38
16 22 26 36 39
16 22 26 36 40
16 22 26 36 41
16 22 26 36 42
16 22 26 36 43
16 22 26 36 44
16 22 26 36 45
16 23 24 26 36
16 23 25 26 36
16 23 26 27 36
16 23 26 28 36
16 23 26 29 36
16 23 26 30 36
16 23 26 31 36
16 23 26 32 36
16 23 26 33 36
16 23 26 34 36
16 23 26 35 36
16 23 26 36 37
16 23 26 36 38
16 23 26 36 39
16 23 26 36 40
16 23 26 36 41
16 23 26 36 42
16 23 26 36 43
16 23 26 36 44
16 23 26 36 45
16 24 25 26 36
16 24 26 27 36
16 24 26 28 36
16 24 26 29 36
16 24 26 30 36
16 24 26 31 36
16 24 26 32 36
16 24 26 33 36
16 24 26 34 36
16 24 26 35 36
16 24 26 36 37
16 24 26 36 38
16 24 26 36 39
16 24 26 36 40
16 24 26 36 41
16 24 26 36 42
16 24 26 36 43
16 24 26 36 44
16 24 26 36 45
16 25 26 27 36
16 25 26 28 36
16 25 26 29 36
16 25 26 30 36
16 25 26 31 36
16 25 26 32 36
16 25 26 33 36
16 25 26 34 36
16 25 26 35 36
16 25 26 36 37
16 25 26 36 38
16 25 26 36 39
16 25 26 36 40
16 25 26 36 41
16 25 26 36 42
16 25 26 36 43
16 25 26 36 44
16 25 26 36 45
16 26 27 28 36
16 26 27 29 36
16 26 27 30 36
16 26 27 31 36
16 26 27 32 36
16 26 27 33 36
16 26 27 34 36
16 26 27 35 36
16 26 27 36 37
16 26 27 36 38
16 26 27 36 39
16 26 27 36 40
16 26 27 36 41
16 26 27 36 42
16 26 27 36 43
16 26 27 36 44
16 26 27 36 45
16 26 28 29 36
16 26 28 30 36
16 26 28 31 36
16 26 28 32 36
16 26 28 33 36
16 26 28 34 36
16 26 28 35 36
16 26 28 36 37
16 26 28 36 38
16 26 28 36 39
16 26 28 36 40
16 26 28 36 41
16 26 28 36 42
16 26 28 36 43
16 26 28 36 44
16 26 28 36 45
16 26 29 30 36
16 26 29 31 36
16 26 29 32 36
16 26 29 33 36
16 26 29 34 36
16 26 29 35 36
16 26 29 36 37
16 26 29 36 38
16 26 29 36 39
16 26 29 36 40
16 26 29 36 41
16 26 29 36 42
16 26 29 36 43
16 26 29 36 44
16 26 29 36 45
16 26 30 31 36
16 26 30 32 36
16 26 30 33 36
16 26 30 34 36
16 26 30 35 36
16 26 30 36 37
16 26 30 36 38
16 26 30 36 39
16 26 30 36 40
16 26 30 36 41
16 26 30 36 42
16 26 30 36 43
16 26 30 36 44
16 26 30 36 45
16 26 31 32 36
16 26 31 33 36
16 26 31 34 36
16 26 31 35 36
16 26 31 36 37
16 26 31 36 38
16 26 31 36 39
16 26 31 36 40
16 26 31 36 41
16 26 31 36 42
16 26 31 36 43
16 26 31 36 44
16 26 31 36 45
16 26 32 33 36
16 26 32 34 36
16 26 32 35 36
16 26 32 36 37
16 26 32 36 38
16 26 32 36 39
16 26 32 36 40
16 26 32 36 41
16 26 32 36 42
16 26 32 36 43
16 26 32 36 44
16 26 32 36 45
16 26 33 34 36
16 26 33 35 36
16 26 33 36 37
16 26 33 36 38
16 26 33 36 39
16 26 33 36 40
16 26 33 36 41
16 26 33 36 42
16 26 33 36 43
16 26 33 36 44
16 26 33 36 45
16 26 34 35 36
16 26 34 36 37
16 26 34 36 38
16 26 34 36 39
16 26 34 36 40
16 26 34 36 41
16 26 34 36 42
16 26 34 36 43
16 26 34 36 44
16 26 34 36 45
16 26 35 36 37
16 26 35 36 38
16 26 35 36 39
16 26 35 36 40
16 26 35 36 41
16 26 35 36 42
16 26 35 36 43
16 26 35 36 44
16 26 35 36 45
16 26 36 37 38
16 26 36 37 39
16 26 36 37 40
16 26 36 37 41
16 26 36 37 42
16 26 36 37 43
16 26 36 37 44
16 26 36 37 45
16 26 36 38 39
16 26 36 38 40
16 26 36 38 41
16 26 36 38 42
16 26 36 38 43
16 26 36 38 44
16 26 36 38 45
16 26 36 39 40
16 26 36 39 41
16 26 36 39 42
16 26 36 39 43
16 26 36 39 44
16 26 36 39 45
16 26 36 40 41
16 26 36 40 42
16 26 36 40 43
16 26 36 40 44
16 26 36 40 45
16 26 36 41 42
16 26 36 41 43
16 26 36 41 44
16 26 36 41 45
16 26 36 42 43
16 26 36 42 44
16 26 36 42 45
16 26 36 43 44
16 26 36 43 45
16 26 36 44 45
