1 2 7 17 27
1 2 7 17 37
1 2 7 27 37
1 2 17 27 37
1 3 7 17 27
1 3 7 17 37
1 3 7 27 37
1 3 17 27 37
1 4 7 17 27
1 4 7 17 37
1 4 7 27 37
1 4 17 27 37
1 5 7 17 27
1 5 7 17 37
1 5 7 27 37
1 5 17 27 37
1 6 7 17 27
1 6 7 17 37
1 6 7 27 37
1 6 17 27 37
1 7 8 17 27
1 7 8 17 37
1 7 8 27 37
1 7 9 17 27
1 7 9 17 37
1 7 9 27 37
1 7 10 17 27
1 7 10 17 37
1 7 10 27 37
1 7 11 17 27
1 7 11 17 37
1 7 11 27 37
1 7 12 17 27
1 7 12 17 37
1 7 12 27 37
1 7 13 17 27
1 7 13 17 37
1 7 13 27 37
1 7 14 17 27
1 7 14 17 37
1 7 14 27 37
1 7 15 17 27
1 7 15 17 37
1 7 15 27 37
1 7 16 17 27
1 7 16 17 37
1 7 16 27 37
1 7 17 18 27
1 7 17 18 37
1 7 17 19 27
1 7 17 19 37
1 7 17 20 27
1 7 17 20 37
1 7 17 21 27
1 7 17 21 37
1 7 17 22 27
1 7 17 22 37
1 7 17 23 27
1 7 17 23 37
1 7 17 24 27
1 7 17 24 37
1 7 17 25 27
1 7 17 25 37
1 7 17 26 27
1 7 17 26 37
1 7 17 27 28
1 7 17 27 29
1 7 17 27 30
1 7 17 27 31
1 7 17 27 32
1 7 17 27 33
1 7 17 27 34
1 7 17 27 35
1 7 17 27 36
1 7 17 27 37
1 7 17 27 38
1 7 17 27 39
1 7 17 27 40
1 7 17 27 41
1 7 17 27 42
1 7 17 27 43
1 7 17 27 44
1 7 17 27 45
1 7 17 28 37
1 7 17 29 37
1 7 17 30 37
1 7 17 31 37
1 7 17 32 37
1 7 17 33 37
1 7 17 34 37
1 7 17 35 37
1 7 17 36 37
1 7 17 37 38
1 7 17 37 39
1 7 17 37 40
1 7 17 37 41
1 7 17 37 42
1 7 17 37 43
1 7 17 37 44
1 7 17 37 45
1 7 18 27 37
1 7 19 27 37
1 7 20 27 37
1 7 21 27 37
1 7 22 27 37
1 7 23 27 37
1 7 24 27 37
1 7 25 27 37
1 7 26 27 37
1 7 27 28 37
1 7 27 29 37
1 7 27 30 37
1 7 27 31 37
1 7 27 32 37
1 7 27 33 37
1 7 27 34 37
1 7 27 35 37
1 7 27 36 37
1 7 27 37 38
1 7 27 37 39
1 7 27 37 40
1 7 27 37 41
1 7 27 37 42
1 7 27 37 43
1 7 27 37 44
1 7 27 37 45
1 8 17 27 37
1 9 17 27 37
1 10 17 27 37
1 11 17 27 37
1 12 17 27 37
1 13 17 27 37
1 14 17 27 37
1 15 17 27 37
1 16 17 27 37
1 17 18 27 37
1 17 19 27 37
1 17 20 27 37
1 17 21 27 37
1 17 22 27 37
1 17 23 27 37
1 17 24 27 37
1 17 25 27 37
1 17 26 27 37
1 17 27 28 37
1 17 27 29 37
1 17 27 30 37
1 17 27 31 37
1 17 27 32 37
1 17 27 33 37
1 17 27 34 37
1 17 27 35 37
1 17 27 36 37
1 17 27 37 38
1 17 27 37 39
1 17 27 37 40
1 17 27 37 41
1 17 27 37 42
1 17 27 37 43
1 17 27 37 44
1 17 27 37 45
2 3 7 17 27
2 3 7 17 37
2 3 7 27 37
2 3 17 27 37
2 4 7 17 27
2 4 7 17 37
2 4 7 27 37
2 4 17 27 37
2 5 7 17 27
2 5 7 17 37
2 5 7 27 37
2 5 17 27 37
2 6 7 17 27
2 6 7 17 37
2 6 7 27 37
2 6 17 27 37
2 7 8 17 27
2 7 8 17 37
2 7 8 27 37
2 7 9 17 27
2 7 9 17 37
2 7 9 27 37
2 7 10 17 27
2 7 10 17 37
2 7 10 27 37
2 7 11 17 27
2 7 11 17 37
2 7 11 27 37
2 7 12 17 27
2 7 12 17 37
2 7 12 27 37
2 7 13 17 27
2 7 13 17 37
2 7 13 27 37
2 7 14 17 27
2 7 14 17 37
2 7 14 27 37
2 7 15 17 27
2 7 15 17 37
2 7 15 27 37
2 7 16 17 27
2 7 16 17 37
2 7 16 27 37
2 7 17 18 27
2 7 17 18 37
2 7 17 19 27
2 7 17 19 37
2 7 17 20 27
2 7 17 20 37
2 7 17 21 27
2 7 17 21 37
2 7 17 22 27
2 7 17 22 37
2 7 17 23 27
2 7 17 23 37
2 7 17 24 27
2 7 17 24 37
2 7 17 25 27
2 7 17 25 37
2 7 17 26 27
2 7 17 26 37
2 7 17 27 28
2 7 17 27 29
2 7 17 27 30
2 7 17 27 31
2 7 17 27 32
2 7 17 27 33
2 7 17 27 34
2 7 17 27 35
2 7 17 27 36
2 7 17 27 37
2 7 17 27 38
2 7 17 27 39
2 7 17 27 40
2 7 17 27 41
2 7 17 27 42
2 7 17 27 43
2 7 17 27 44
2 7 17 27 45
2 7 17 28 37
2 7 17 29 37
2 7 17 30 37
2 7 17 31 37
2 7 17 32 37
2 7 17 33 37
2 7 17 34 37
2 7 17 35 37
2 7 17 36 37
2 7 17 37 38
2 7 17 37 39
2 7 17 37 40
2 7 17 37 41
2 7 17 37 42
2 7 17 37 43
2 7 17 37 44
2 7 17 37 45
2 7 18 27 37
2 7 19 27 37
2 7 20 27 37
2 7 21 27 37
2 7 22 27 37
2 7 23 27 37
2 7 24 27 37
2 7 25 27 37
2 7 26 27 37
2 7 27 28 37
2 7 27 29 37
2 7 27 30 37
2 7 27 31 37
2 7 27 32 37
2 7 27 33 37
2 7 27 34 37
2 7 27 35 37
2 7 27 36 37
2 7 27 37 38
2 7 27 37 39
2 7 27 37 40
2 7 27 37 41
2 7 27 37 42
2 7 27 37 43
2 7 27 37 44
2 7 27 37 45
2 8 17 27 37
2 9 17 27 37
2 10 17 27 37
2 11 17 27 37
2 12 17 27 37
2 13 17 27 37
2 14 17 27 37
2 15 17 27 37
2 16 17 27 37
2 17 18 27 37
2 17 19 27 37
2 17 20 27 37
2 17 21 27 37
2 17 22 27 37
2 17 23 27 37
2 17 24 27 37
2 17 25 27 37
2 17 26 27 37
2 17 27 28 37
2 17 27 29 37
2 17 27 30 37
2 17 27 31 37
2 17 27 32 37
2 17 27 33 37
2 17 27 34 37
2 17 27 35 37
2 17 27 36 37
2 17 27 37 38
2 17 27 37 39
2 17 27 37 40
2 17 27 37 41
2 17 27 37 42
2 17 27 37 43
2 17 27 37 44
2 17 27 37 45
3 4 7 17 27
3 4 7 17 37
3 4 7 27 37
3 4 17 27 37
3 5 7 17 27
3 5 7 17 37
3 5 7 27 37
3 5 17 27 37
3 6 7 17 27
3 6 7 17 37
3 6 7 27 37
3 6 17 27 37
3 7 8 17 27
3 7 8 17 37
3 7 8 27 37
3 7 9 17 27
3 7 9 17 37
3 7 9 27 37
3 7 10 17 27
3 7 10 17 37
3 7 10 27 37
3 7 11 17 27
3 7 11 17 37
3 7 11 27 37
3 7 12 17 27
3 7 12 17 37
3 7 12 27 37
3 7 13 17 27
3 7 13 17 37
3 7 13 27 37
3 7 14 17 27
3 7 14 17 37
3 7 14 27 37
3 7 15 17 27
3 7 15 17 37
3 7 15 27 37
3 7 16 17 27
3 7 16 17 37
3 7 16 27 37
3 7 17 18 27
3 7 17 18 37
3 7 17 19 27
3 7 17 19 37
3 7 17 20 27
3 7 17 20 37
3 7 17 21 27
3 7 17 21 37
3 7 17 22 27
3 7 17 22 37
3 7 17 23 27
3 7 17 23 37
3 7 17 24 27
3 7 17 24 37
3 7 17 25 27
3 7 17 25 37
3 7 17 26 27
3 7 17 26 37
3 7 17 27 28
3 7 17 27 29
3 7 17 27 30
3 7 17 27 31
3 7 17 27 32
3 7 17 27 33
3 7 17 27 34
3 7 17 27 35
3 7 17 27 36
3 7 17 27 37
3 7 17 27 38
3 7 17 27 39
3 7 17 27 40
3 7 17 27 41
3 7 17 27 42
3 7 17 27 43
3 7 17 27 44
3 7 17 27 45
3 7 17 28 37
3 7 17 29 37
3 7 17 30 37
3 7 17 31 37
3 7 17 32 37
3 7 17 33 37
3 7 17 34 37
3 7 17 35 37
3 7 17 36 37
3 7 17 37 38
3 7 17 37 39
3 7 17 37 40
3 7 17 37 41
3 7 17 37 42
3 7 17 37 43
3 7 17 37 44
3 7 17 37 45
3 7 18 27 37
3 7 19 27 37
3 7 20 27 37
3 7 21 27 37
3 7 22 27 37
3 7 23 27 37
3 7 24 27 37
3 7 25 27 37
3 7 26 27 37
3 7 27 28 37
3 7 27 29 37
3 7 27 30 37
3 7 27 31 37
3 7 27 32 37
3 7 27 33 37
3 7 27 34 37
3 7 27 35 37
3 7 27 36 37
3 7 27 37 38
3 7 27 37 39
3 7 27 37 40
3 7 27 37 41
3 7 27 37 42
3 7 27 37 43
3 7 27 37 44
3 7 27 37 45
3 8 17 27 37
3 9 17 27 37
3 10 17 27 37
3 11 17 27 37
3 12 17 27 37
3 13 17 27 37
3 14 17 27 37
3 15 17 27 37
3 16 17 27 37
3 17 18 27 37
3 17 19 27 37
3 17 20 27 37
3 17 21 27 37
3 17 22 27 37
3 17 23 27 37
3 17 24 27 37
3 17 25 27 37
3 17 26 27 37
3 17 27 28 37
3 17 27 29 37
3 17 27 30 37
3 17 27 31 37
3 17 27 32 37
3 17 27 33 37
3 17 27 34 37
3 17 27 35 37
3 17 27 36 37
3 17 27 37 38
3 17 27 37 39
3 17 27 37 40
3 17 27 37 41
3 17 27 37 42
3 17 27 37 43
3 17 27 37 44
3 17 27 37 45
4 5 7 17 27
4 5 7 17 37
4 5 7 27 37
4 5 17 27 37
4 6 7 17 27
4 6 7 17 37
4 6 7 27 37
4 6 17 27 37
4 7 8 17 27
4 7 8 17 37
4 7 8 27 37
4 7 9 17 27
4 7 9 17 37
4 7 9 27 37
4 7 10 17 27
4 7 10 17 37
4 7 10 27 37
4 7 11 17 27
4 7 11 17 37
4 7 11 27 37
4 7 12 17 27
4 7 12 17 37
4 7 12 27 37
4 7 13 17 27
4 7 13 17 37
4 7 13 27 37
4 7 14 17 27
4 7 14 17 37
4 7 14 27 37
4 7 15 17 27
4 7 15 17 37
4 7 15 27 37
4 7 16 17 27
4 7 16 17 37
4 7 16 27 37
4 7 17 18 27
4 7 17 18 37
4 7 17 19 27
4 7 17 19 37
4 7 17 20 27
4 7 17 20 37
4 7 17 21 27
4 7 17 21 37
4 7 17 22 27
4 7 17 22 37
4 7 17 23 27
4 7 17 23 37
4 7 17 24 27
4 7 17 24 37
4 7 17 25 27
4 7 17 25 37
4 7 17 26 27
4 7 17 26 37
4 7 17 27 28
4 7 17 27 29
4 7 17 27 30
4 7 17 27 31
4 7 17 27 32
4 7 17 27 33
4 7 17 27 34
4 7 17 27 35
4 7 17 27 36
4 7 17 27 37
4 7 17 27 38
4 7 17 27 39
4 7 17 27 40
4 7 17 27 41
4 7 17 27 42
4 7 17 27 43
4 7 17 27 44
4 7 17 27 45
4 7 17 28 37
4 7 17 29 37
4 7 17 30 37
4 7 17 31 37
4 7 17 32 37
4 7 17 33 37
4 7 17 34 37
4 7 17 35 37
4 7 17 36 37
4 7 17 37 38
4 7 17 37 39
4 7 17 37 40
4 7 17 37 41
4 7 17 37 42
4 7 17 37 43
4 7 17 37 44
4 7 17 37 45
4 7 18 27 37
4 7 19 27 37
4 7 20 27 37
4 7 21 27 37
4 7 22 27 37
4 7 23 27 37
4 7 24 27 37
4 7 25 27 37
4 7 26 27 37
4 7 27 28 37
4 7 27 29 37
4 7 27 30 37
4 7 27 31 37
4 7 27 32 37
4 7 27 33 37
4 7 27 34 37
4 7 27 35 37
4 7 27 36 37
4 7 27 37 38
4 7 27 37 39
4 7 27 37 40
4 7 27 37 41
4 7 27 37 42
4 7 27 37 43
4 7 27 37 44
4 7 27 37 45
4 8 17 27 37
4 9 17 27 37
4 10 17 27 37
4 11 17 27 37
4 12 17 27 37
4 13 17 27 37
4 14 17 27 37
4 15 17 27 37
4 16 17 27 37
4 17 18 27 37
4 17 19 27 37
4 17 20 27 37
4 17 21 27 37
4 17 22 27 37
4 17 23 27 37
4 17 24 27 37
4 17 25 27 37
4 17 26 27 37
4 17 27 28 37
4 17 27 29 37
4 17 27 30 37
4 17 27 31 37
4 17 27 32 37
4 17 27 33 37
4 17 27 34 37
4 17 27 35 37
4 17 27 36 37
4 17 27 37 38
4 17 27 37 39
4 17 27 37 40
4 17 27 37 41
4 17 27 37 42
4 17 27 37 43
4 17 27 37 44
4 17 27 37 45
5 6 7 17 27
5 6 7 17 37
5 6 7 27 37
5 6 17 27 37
5 7 8 17 27
5 7 8 17 37
5 7 8 27 37
5 7 9 17 27
5 7 9 17 37
5 7 9 27 37
5 7 10 17 27
5 7 10 17 37
5 7 10 27 37
5 7 11 17 27
5 7 11 17 37
5 7 11 27 37
5 7 12 17 27
5 7 12 17 37
5 7 12 27 37
5 7 13 17 27
5 7 13 17 37
5 7 13 27 37
5 7 14 17 27
5 7 14 17 37
5 7 14 27 37
5 7 15 17 27
5 7 15 17 37
5 7 15 27 37
5 7 16 17 27
5 7 16 17 37
5 7 16 27 37
5 7 17 18 27
5 7 17 18 37
5 7 17 19 27
5 7 17 19 37
5 7 17 20 27
5 7 17 20 37
5 7 17 21 27
5 7 17 21 37
5 7 17 22 27
5 7 17 22 37
5 7 17 23 27
5 7 17 23 37
5 7 17 24 27
5 7 17 24 37
5 7 17 25 27
5 7 17 25 37
5 7 17 26 27
5 7 17 26 37
5 7 17 27 28
5 7 17 27 29
5 7 17 27 30
5 7 17 27 31
5 7 17 27 32
5 7 17 27 33
5 7 17 27 34
5 7 17 27 35
5 7 17 27 36
5 7 17 27 37
5 7 17 27 38
5 7 17 27 39
5 7 17 27 40
5 7 17 27 41
5 7 17 27 42
5 7 17 27 43
5 7 17 27 44
5 7 17 27 45
5 7 17 28 37
5 7 17 29 37
5 7 17 30 37
5 7 17 31 37
5 7 17 32 37
5 7 17 33 37
5 7 17 34 37
5 7 17 35 37
5 7 17 36 37
5 7 17 37 38
5 7 17 37 39
5 7 17 37 40
5 7 17 37 41
5 7 17 37 42
5 7 17 37 43
5 7 17 37 44
5 7 17 37 45
5 7 18 27 37
5 7 19 27 37
5 7 20 27 37
5 7 21 27 37
5 7 22 27 37
5 7 23 27 37
5 7 24 27 37
5 7 25 27 37
5 7 26 27 37
5 7 27 28 37
5 7 27 29 37
5 7 27 30 37
5 7 27 31 37
5 7 27 32 37
5 7 27 33 37
5 7 27 34 37
5 7 27 35 37
5 7 27 36 37
5 7 27 37 38
5 7 27 37 39
5 7 27 37 40
5 7 27 37 41
5 7 27 37 42
5 7 27 37 43
5 7 27 37 44
5 7 27 37 45
5 8 17 27 37
5 9 17 27 37
5 10 17 27 37
5 11 17 27 37
5 12 17 27 37
5 13 17 27 37
5 14 17 27 37
5 15 17 27 37
5 16 17 27 37
5 17 18 27 37
5 17 19 27 37
5 17 20 27 37
5 17 21 27 37
5 17 22 27 37
5 17 23 27 37
5 17 24 27 37
5 17 25 27 37
5 17 26 27 37
5 17 27 28 37
5 17 27 29 37
5 17 27 30 37
5 17 27 31 37
5 17 27 32 37
5 17 27 33 37
5 17 27 34 37
5 17 27 35 37
5 17 27 36 37
5 17 27 37 38
5 17 27 37 39
5 17 27 37 40
5 17 27 37 41
5 17 27 37 42
5 17 27 37 43
5 17 27 37 44
5 17 27 37 45
6 7 8 17 27
6 7 8 17 37
6 7 8 27 37
6 7 9 17 27
6 7 9 17 37
6 7 9 27 37
6 7 10 17 27
6 7 10 17 37
6 7 10 27 37
6 7 11 17 27
6 7 11 17 37
6 7 11 27 37
6 7 12 17 27
6 7 12 17 37
6 7 12 27 37
6 7 13 17 27
6 7 13 17 37
6 7 13 27 37
6 7 14 17 27
6 7 14 17 37
6 7 14 27 37
6 7 15 17 27
6 7 15 17 37
6 7 15 27 37
6 7 16 17 27
6 7 16 17 37
6 7 16 27 37
6 7 17 18 27
6 7 17 18 37
6 7 17 19 27
6 7 17 19 37
6 7 17 20 27
6 7 17 20 37
6 7 17 21 27
6 7 17 21 37
6 7 17 22 27
6 7 17 22 37
6 7 17 23 27
6 7 17 23 37
6 7 17 24 27
6 7 17 24 37
6 7 17 25 27
6 7 17 25 37
6 7 17 26 27
6 7 17 26 37
6 7 17 27 28
6 7 17 27 29
6 7 17 27 30
6 7 17 27 31
6 7 17 27 32
6 7 17 27 33
6 7 17 27 34
6 7 17 27 35
6 7 17 27 36
6 7 17 27 37
6 7 17 27 38
6 7 17 27 39
6 7 17 27 40
6 7 17 27 41
6 7 17 27 42
6 7 17 27 43
6 7 17 27 44
6 7 17 27 45
6 7 17 28 37
6 7 17 29 37
6 7 17 30 37
6 7 17 31 37
6 7 17 32 37
6 7 17 33 37
6 7 17 34 37
6 7 17 35 37
6 7 17 36 37
6 7 17 37 38
6 7 17 37 39
6 7 17 37 40
6 7 17 37 41
6 7 17 37 42
6 7 17 37 43
6 7 17 37 44
6 7 17 37 45
6 7 18 27 37
6 7 19 27 37
6 7 20 27 37
6 7 21 27 37
6 7 22 27 37
6 7 23 27 37
6 7 24 27 37
6 7 25 27 37
6 7 26 27 37
6 7 27 28 37
6 7 27 29 37
6 7 27 30 37
6 7 27 31 37
6 7 27 32 37
6 7 27 33 37
6 7 27 34 37
6 7 27 35 37
6 7 27 36 37
6 7 27 37 38
6 7 27 37 39
6 7 27 37 40
6 7 27 37 41
6 7 27 37 42
6 7 27 37 43
6 7 27 37 44
6 7 27 37 45
6 8 17 27 37
6 9 17 27 37
6 10 17 27 37
6 11 17 27 37
6 12 17 27 37
6 13 17 27 37
6 14 17 27 37
6 15 17 27 37
6 16 17 27 37
6 17 18 27 37
6 17 19 27 37
6 17 20 27 37
6 17 21 27 37
6 17 22 27 37
6 17 23 27 37
6 17 24 27 37
6 17 25 27 37
6 17 26 27 37
6 17 27 28 37
6 17 27 29 37
6 17 27 30 37
6 17 27 31 37
6 17 27 32 37
6 17 27 33 37
6 17 27 34 37
6 17 27 35 37
6 17 27 36 37
6 17 27 37 38
6 17 27 37 39
6 17 27 37 40
6 17 27 37 41
6 17 27 37 42
6 17 27 37 43
6 17 27 37 44
6 17 27 37 45
7 8 9 17 27
7 8 9 17 37
7 8 9 27 37
7 8 10 17 27
7 8 10 17 37
7 8 10 27 37
7 8 11 17 27
7 8 11 17 37
7 8 11 27 37
7 8 12 17 27
7 8 12 17 37
7 8 12 27 37
7 8 13 17 27
7 8 13 17 37
7 8 13 27 37
7 8 14 17 27
7 8 14 17 37
7 8 14 27 37
7 8 15 17 27
7 8 15 17 37
7 8 15 27 37
7 8 16 17 27
7 8 16 17 37
7 8 16 27 37
7 8 17 18 27
7 8 17 18 37
7 8 17 19 27
7 8 17 19 37
7 8 17 20 27
7 8 17 20 37
7 8 17 21 27
7 8 17 21 37
7 8 17 22 27
7 8 17 22 37
7 8 17 23 27
7 8 17 23 37
7 8 17 24 27
7 8 17 24 37
7 8 17 25 27
7 8 17 25 37
7 8 17 26 27
7 8 17 26 37
7 8 17 27 28
7 8 17 27 29
7 8 17 27 30
7 8 17 27 31
7 8 17 27 32
7 8 17 27 33
7 8 17 27 34
7 8 17 27 35
7 8 17 27 36
7 8 17 27 37
7 8 17 27 38
7 8 17 27 39
7 8 17 27 40
7 8 17 27 41
7 8 17 27 42
7 8 17 27 43
7 8 17 27 44
7 8 17 27 45
7 8 17 28 37
7 8 17 29 37
7 8 17 30 37
7 8 17 31 37
7 8 17 32 37
7 8 17 33 37
7 8 17 34 37
7 8 17 35 37
7 8 17 36 37
7 8 17 37 38
7 8 17 37 39
7 8 17 37 40
7 8 17 37 41
7 8 17 37 42
7 8 17 37 43
7 8 17 37 44
7 8 17 37 45
7 8 18 27 37
7 8 19 27 37
7 8 20 27 37
7 8 21 27 37
7 8 22 27 37
7 8 23 27 37
7 8 24 27 37
7 8 25 27 37
7 8 26 27 37
7 8 27 28 37
7 8 27 29 37
7 8 27 30 37
7 8 27 31 37
7 8 27 32 37
7 8 27 33 37
7 8 27 34 37
7 8 27 35 37
7 8 27 36 37
7 8 27 37 38
7 8 27 37 39
7 8 27 37 40
7 8 27 37 41
7 8 27 37 42
7 8 27 37 43
7 8 27 37 44
7 8 27 37 45
7 9 10 17 27
7 9 10 17 37
7 9 10 27 37
7 9 11 17 27
7 9 11 17 37
7 9 11 27 37
7 9 12 17 27
7 9 12 17 37
7 9 12 27 37
7 9 13 17 27
7 9 13 17 37
7 9 13 27 37
7 9 14 17 27
7 9 14 17 37
7 9 14 27 37
7 9 15 17 27
7 9 15 17 37
7 9 15 27 37
7 9 16 17 27
7 9 16 17 37
7 9 16 27 37
7 9 17 18 27
7 9 17 18 37
7 9 17 19 27
7 9 17 19 37
7 9 17 20 27
7 9 17 20 37
7 9 17 21 27
7 9 17 21 37
7 9 17 22 27
7 9 17 22 37
7 9 17 23 27
7 9 17 23 37
7 9 17 24 27
7 9 17 24 37
7 9 17 25 27
7 9 17 25 37
7 9 17 26 27
7 9 17 26 37
7 9 17 27 28
7 9 17 27 29
7 9 17 27 30
7 9 17 27 31
7 9 17 27 32
7 9 17 27 33
7 9 17 27 34
7 9 17 27 35
7 9 17 27 36
7 9 17 27 37
7 9 17 27 38
7 9 17 27 39
7 9 17 27 40
7 9 17 27 41
7 9 17 27 42
7 9 17 27 43
7 9 17 27 44
7 9 17 27 45
7 9 17 28 37
7 9 17 29 37
7 9 17 30 37
7 9 17 31 37
7 9 17 32 37
7 9 17 33 37
7 9 17 34 37
7 9 17 35 37
7 9 17 36 37
7 9 17 37 38
7 9 17 37 39
7 9 17 37 40
7 9 17 37 41
7 9 17 37 42
7 9 17 37 43
7 9 17 37 44
7 9 17 37 45
7 9 18 27 37
7 9 19 27 37
7 9 20 27 37
7 9 21 27 37
7 9 22 27 37
7 9 23 27 37
7 9 24 27 37
7 9 25 27 37
7 9 26 27 37
7 9 27 28 37
7 9 27 29 37
7 9 27 30 37
7 9 27 31 37
7 9 27 32 37
7 9 27 33 37
7 9 27 34 37
7 9 27 35 37
7 9 27 36 37
7 9 27 37 38
7 9 27 37 39
7 9 27 37 40
7 9 27 37 41
7 9 27 37 42
7 9 27 37 43
7 9 27 37 44
7 9 27 37 45
7 10 11 17 27
7 10 11 17 37
7 10 11 27 37
7 10 12 17 27
7 10 12 17 37
7 10 12 27 37
7 10 13 17 27
7 10 13 17 37
7 10 13 27 37
7 10 14 17 27
7 10 14 17 37
7 10 14 27 37
7 10 15 17 27
7 10 15 17 37
7 10 15 27 37
7 10 16 17 27
7 10 16 17 37
7 10 16 27 37
7 10 17 18 27
7 10 17 18 37
7 10 17 19 27
7 10 17 19 37
7 10 17 20 27
7 10 17 20 37
7 10 17 21 27
7 10 17 21 37
7 10 17 22 27
7 10 17 22 37
7 10 17 23 27
7 10 17 23 37
7 10 17 24 27
7 10 17 24 37
7 10 17 25 27
7 10 17 25 37
7 10 17 26 27
7 10 17 26 37
7 10 17 27 28
7 10 17 27 29
7 10 17 27 30
7 10 17 27 31
7 10 17 27 32
7 10 17 27 33
7 10 17 27 34
7 10 17 27 35
7 10 17 27 36
7 10 17 27 37
7 10 17 27 38
7 10 17 27 39
7 10 17 27 40
7 10 17 27 41
7 10 17 27 42
7 10 17 27 43
7 10 17 27 44
7 10 17 27 45
7 10 17 28 37
7 10 17 29 37
7 10 17 30 37
7 10 17 31 37
7 10 17 32 37
7 10 17 33 37
7 10 17 34 37
7 10 17 35 37
7 10 17 36 37
7 10 17 37 38
7 10 17 37 39
7 10 17 37 40
7 10 17 37 41
7 10 17 37 42
7 10 17 37 43
7 10 17 37 44
7 10 17 37 45
7 10 18 27 37
7 10 19 27 37
7 10 20 27 37
7 10 21 27 37
7 10 22 27 37
7 10 23 27 37
7 10 24 27 37
7 10 25 27 37
7 10 26 27 37
7 10 27 28 37
7 10 27 29 37
7 10 27 30 37
7 10 27 31 37
7 10 27 32 37
7 10 27 33 37
7 10 27 34 37
7 10 27 35 37
7 10 27 36 37
7 10 27 37 38
7 10 27 37 39
7 10 27 37 40
7 10 27 37 41
7 10 27 37 42
7 10 27 37 43
7 10 27 37 44
7 10 27 37 45
7 11 12 17 27
7 11 12 17 37
7 11 12 27 37
7 11 13 17 27
7 11 13 17 37
7 11 13 27 37
7 11 14 17 27
7 11 14 17 37
7 11 14 27 37
7 11 15 17 27
7 11 15 17 37
7 11 15 27 37
7 11 16 17 27
7 11 16 17 37
7 11 16 27 37
7 11 17 18 27
7 11 17 18 37
7 11 17 19 27
7 11 17 19 37
7 11 17 20 27
7 11 17 20 37
7 11 17 21 27
7 11 17 21 37
7 11 17 22 27
7 11 17 22 37
7 11 17 23 27
7 11 17 23 37
7 11 17 24 27
7 11 17 24 37
7 11 17 25 27
7 11 17 25 37
7 11 17 26 27
7 11 17 26 37
7 11 17 27 28
7 11 17 27 29
7 11 17 27 30
7 11 17 27 31
7 11 17 27 32
7 11 17 27 33
7 11 17 27 34
7 11 17 27 35
7 11 17 27 36
7 11 17 27 37
7 11 17 27 38
7 11 17 27 39
7 11 17 27 40
7 11 17 27 41
7 11 17 27 42
7 11 17 27 43
7 11 17 27 44
7 11 17 27 45
7 11 17 28 37
7 11 17 29 37
7 11 17 30 37
7 11 17 31 37
7 11 17 32 37
7 11 17 33 37
7 11 17 34 37
7 11 17 35 37
7 11 17 36 37
7 11 17 37 38
7 11 17 37 39
7 11 17 37 40
7 11 17 37 41
7 11 17 37 42
7 11 17 37 43
7 11 17 37 44
7 11 17 37 45
7 11 18 27 37
7 11 19 27 37
7 11 20 27 37
7 11 21 27 37
7 11 22 27 37
7 11 23 27 37
7 11 24 27 37
7 11 25 27 37
7 11 26 27 37
7 11 27 28 37
7 11 27 29 37
7 11 27 30 37
7 11 27 31 37
7 11 27 32 37
7 11 27 33 37
7 11 27 34 37
7 11 27 35 37
7 11 27 36 37
7 11 27 37 38
7 11 27 37 39
7 11 27 37 40
7 11 27 37 41
7 11 27 37 42
7 11 27 37 43
7 11 27 37 44
7 11 27 37 45
7 12 13 17 27
7 12 13 17 37
7 12 13 27 37
7 12 14 17 27
7 12 14 17 37
7 12 14 27 37
7 12 15 17 27
7 12 15 17 37
7 12 15 27 37
7 12 16 17 27
7 12 16 17 37
7 12 16 27 37
7 12 17 18 27
7 12 17 18 37
7 12 17 19 27
7 12 17 19 37
7 12 17 20 27
7 12 17 20 37
7 12 17 21 27
7 12 17 21 37
7 12 17 22 27
7 12 17 22 37
7 12 17 23 27
7 12 17 23 37
7 12 17 24 27
7 12 17 24 37
7 12 17 25 27
7 12 17 25 37
7 12 17 26 27
7 12 17 26 37
7 12 17 27 28
7 12 17 27 29
7 12 17 27 30
7 12 17 27 31
7 12 17 27 32
7 12 17 27 33
7 12 17 27 34
7 12 17 27 35
7 12 17 27 36
7 12 17 27 37
7 12 17 27 38
7 12 17 27 39
7 12 17 27 40
7 12 17 27 41
7 12 17 27 42
7 12 17 27 43
7 12 17 27 44
7 12 17 27 45
7 12 17 28 37
7 12 17 29 37
7 12 17 30 37
7 12 17 31 37
7 12 17 32 37
7 12 17 33 37
7 12 17 34 37
7 12 17 35 37
7 12 17 36 37
7 12 17 37 38
7 12 17 37 39
7 12 17 37 40
7 12 17 37 41
7 12 17 37 42
7 12 17 37 43
7 12 17 37 44
7 12 17 37 45
7 12 18 27 37
7 12 19 27 37
7 12 20 27 37
7 12 21 27 37
7 12 22 27 37
7 12 23 27 37
7 12 24 27 37
7 12 25 27 37
7 12 26 27 37
7 12 27 28 37
7 12 27 29 37
7 12 27 30 37
7 12 27 31 37
7 12 27 32 37
7 12 27 33 37
7 12 27 34 37
7 12 27 35 37
7 12 27 36 37
7 12 27 37 38
7 12 27 37 39
7 12 27 37 40
7 12 27 37 41
7 12 27 37 42
7 12 27 37 43
7 12 27 37 44
7 12 27 37 45
7 13 14 17 27
7 13 14 17 37
7 13 14 27 37
7 13 15 17 27
7 13 15 17 37
7 13 15 27 37
7 13 16 17 27
7 13 16 17 37
7 13 16 27 37
7 13 17 18 27
7 13 17 18 37
7 13 17 19 27
7 13 17 19 37
7 13 17 20 27
7 13 17 20 37
7 13 17 21 27
7 13 17 21 37
7 13 17 22 27
7 13 17 22 37
7 13 17 23 27
7 13 17 23 37
7 13 17 24 27
7 13 17 24 37
7 13 17 25 27
7 13 17 25 37
7 13 17 26 27
7 13 17 26 37
7 13 17 27 28
7 13 17 27 29
7 13 17 27 30
7 13 17 27 31
7 13 17 27 32
7 13 17 27 33
7 13 17 27 34
7 13 17 27 35
7 13 17 27 36
7 13 17 27 37
7 13 17 27 38
7 13 17 27 39
7 13 17 27 40
7 13 17 27 41
7 13 17 27 42
7 13 17 27 43
7 13 17 27 44
7 13 17 27 45
7 13 17 28 37
7 13 17 29 37
7 13 17 30 37
7 13 17 31 37
7 13 17 32 37
7 13 17 33 37
7 13 17 34 37
7 13 17 35 37
7 13 17 36 37
7 13 17 37 38
7 13 17 37 39
7 13 17 37 40
7 13 17 37 41
7 13 17 37 42
7 13 17 37 43
7 13 17 37 44
7 13 17 37 45
7 13 18 27 37
7 13 19 27 37
7 13 20 27 37
7 13 21 27 37
7 13 22 27 37
7 13 23 27 37
7 13 24 27 37
7 13 25 27 37
7 13 26 27 37
7 13 27 28 37
7 13 27 29 37
7 13 27 30 37
7 13 27 31 37
7 13 27 32 37
7 13 27 33 37
7 13 27 34 37
7 13 27 35 37
7 13 27 36 37
7 13 27 37 38
7 13 27 37 39
7 13 27 37 40
7 13 27 37 41
7 13 27 37 42
7 13 27 37 43
7 13 27 37 44
7 13 27 37 45
7 14 15 17 27
7 14 15 17 37
7 14 15 27 37
7 14 16 17 27
7 14 16 17 37
7 14 16 27 37
7 14 17 18 27
7 14 17 18 37
7 14 17 19 27
7 14 17 19 37
7 14 17 20 27
7 14 17 20 37
7 14 17 21 27
7 14 17 21 37
7 14 17 22 27
7 14 17 22 37
7 14 17 23 27
7 14 17 23 37
7 14 17 24 27
7 14 17 24 37
7 14 17 25 27
7 14 17 25 37
7 14 17 26 27
7 14 17 26 37
7 14 17 27 28
7 14 17 27 29
7 14 17 27 30
7 14 17 27 31
7 14 17 27 32
7 14 17 27 33
7 14 17 27 34
7 14 17 27 35
7 14 17 27 36
7 14 17 27 37
7 14 17 27 38
7 14 17 27 39
7 14 17 27 40
7 14 17 27 41
7 14 17 27 42
7 14 17 27 43
7 14 17 27 44
7 14 17 27 45
7 14 17 28 37
7 14 17 29 37
7 14 17 30 37
7 14 17 31 37
7 14 17 32 37
7 14 17 33 37
7 14 17 34 37
7 14 17 35 37
7 14 17 36 37
7 14 17 37 38
7 14 17 37 39
7 14 17 37 40
7 14 17 37 41
7 14 17 37 42
7 14 17 37 43
7 14 17 37 44
7 14 17 37 45
7 14 18 27 37
7 14 19 27 37
7 14 20 27 37
7 14 21 27 37
7 14 22 27 37
7 14 23 27 37
7 14 24 27 37
7 14 25 27 37
7 14 26 27 37
7 14 27 28 37
7 14 27 29 37
7 14 27 30 37
7 14 27 31 37
7 14 27 32 37
7 14 27 33 37
7 14 27 34 37
7 14 27 35 37
7 14 27 36 37
7 14 27 37 38
7 14 27 37 39
7 14 27 37 40
7 14 27 37 41
7 14 27 37 42
7 14 27 37 43
7 14 27 37 44
7 14 27 37 45
7 15 16 17 27
7 15 16 17 37
7 15 16 27 37
7 15 17 18 27
7 15 17 18 37
7 15 17 19 27
7 15 17 19 37
7 15 17 20 27
7 15 17 20 37
7 15 17 21 27
7 15 17 21 37
7 15 17 22 27
7 15 17 22 37
7 15 17 23 27
7 15 17 23 37
7 15 17 24 27
7 15 17 24 37
7 15 17 25 27
7 15 17 25 37
7 15 17 26 27
7 15 17 26 37
7 15 17 27 28
7 15 17 27 29
7 15 17 27 30
7 15 17 27 31
7 15 17 27 32
7 15 17 27 33
7 15 17 27 34
7 15 17 27 35
7 15 17 27 36
7 15 17 27 37
7 15 17 27 38
7 15 17 27 39
7 15 17 27 40
7 15 17 27 41
7 15 17 27 42
7 15 17 27 43
7 15 17 27 44
7 15 17 27 45
7 15 17 28 37
7 15 17 29 37
7 15 17 30 37
7 15 17 31 37
7 15 17 32 37
7 15 17 33 37
7 15 17 34 37
7 15 17 35 37
7 15 17 36 37
7 15 17 37 38
7 15 17 37 39
7 15 17 37 40
7 15 17 37 41
7 15 17 37 42
7 15 17 37 43
7 15 17 37 44
7 15 17 37 45
7 15 18 27 37
7 15 19 27 37
7 15 20 27 37
7 15 21 27 37
7 15 22 27 37
7 15 23 27 37
7 15 24 27 37
7 15 25 27 37
7 15 26 27 37
7 15 27 28 37
7 15 27 29 37
7 15 27 30 37
7 15 27 31 37
7 15 27 32 37
7 15 27 33 37
7 15 27 34 37
7 15 27 35 37
7 15 27 36 37
7 15 27 37 38
7 15 27 37 39
7 15 27 37 40
7 15 27 37 41
7 15 27 37 42
7 15 27 37 43
7 15 27 37 44
7 15 27 37 45
7 16 17 18 27
7 16 17 18 37
7 16 17 19 27
7 16 17 19 37
7 16 17 20 27
7 16 17 20 37
7 16 17 21 27
7 16 17 21 37
7 16 17 22 27
7 16 17 22 37
7 16 17 23 27
7 16 17 23 37
7 16 17 24 27
7 16 17 24 37
7 16 17 25 27
7 16 17 25 37
7 16 17 26 27
7 16 17 26 37
7 16 17 27 28
7 16 17 27 29
7 16 17 27 30
7 16 17 27 31
7 16 17 27 32
7 16 17 27 33
7 16 17 27 34
7 16 17 27 35
7 16 17 27 36
7 16 17 27 37
7 16 17 27 38
7 16 17 27 39
7 16 17 27 40
7 16 17 27 41
7 16 17 27 42
7 16 17 27 43
7 16 17 27 44
7 16 17 27 45
7 16 17 28 37
7 16 17 29 37
7 16 17 30 37
7 16 17 31 37
7 16 17 32 37
7 16 17 33 37
7 16 17 34 37
7 16 17 35 37
7 16 17 36 37
7 16 17 37 38
7 16 17 37 39
7 16 17 37 40
7 16 17 37 41
7 16 17 37 42
7 16 17 37 43
7 16 17 37 44
7 16 17 37 45
7 16 18 27 37
7 16 19 27 37
7 16 20 27 37
7 16 21 27 37
7 16 22 27 37
7 16 23 27 37
7 16 24 27 37
7 16 25 27 37
7 16 26 27 37
7 16 27 28 37
7 16 27 29 37
7 16 27 30 37
7 16 27 31 37
7 16 27 32 37
7 16 27 33 37
7 16 27 34 37
7 16 27 35 37
7 16 27 36 37
7 16 27 37 38
7 16 27 37 39
7 16 27 37 40
7 16 27 37 41
7 16 27 37 42
7 16 27 37 43
7 16 27 37 44
7 16 27 37 45
7 17 18 19 27
7 17 18 19 37
7 17 18 20 27
7 17 18 20 37
7 17 18 21 27
7 17 18 21 37
7 17 18 22 27
7 17 18 22 37
7 17 18 23 27
7 17 18 23 37
7 17 18 24 27
7 17 18 24 37
7 17 18 25 27
7 17 18 25 37
7 17 18 26 27
7 17 18 26 37
7 17 18 27 28
7 17 18 27 29
7 17 18 27 30
7 17 18 27 31
7 17 18 27 32
7 17 18 27 33
7 17 18 27 34
7 17 18 27 35
7 17 18 27 36
7 17 18 27 37
7 17 18 27 38
7 17 18 27 39
7 17 18 27 40
7 17 18 27 41
7 17 18 27 42
7 17 18 27 43
7 17 18 27 44
7 17 18 27 45
7 17 18 28 37
7 17 18 29 37
7 17 18 30 37
7 17 18 31 37
7 17 18 32 37
7 17 18 33 37
7 17 18 34 37
7 17 18 35 37
7 17 18 36 37
7 17 18 37 38
7 17 18 37 39
7 17 18 37 40
7 17 18 37 41
7 17 18 37 42
7 17 18 37 43
7 17 18 37 44
7 17 18 37 45
7 17 19 20 27
7 17 19 20 37
7 17 19 21 27
7 17 19 21 37
7 17 19 22 27
7 17 19 22 37
7 17 19 23 27
7 17 19 23 37
7 17 19 24 27
7 17 19 24 37
7 17 19 25 27
7 17 19 25 37
7 17 19 26 27
7 17 19 26 37
7 17 19 27 28
7 17 19 27 29
7 17 19 27 30
7 17 19 27 31
7 17 19 27 32
7 17 19 27 33
7 17 19 27 34
7 17 19 27 35
7 17 19 27 36
7 17 19 27 37
7 17 19 27 38
7 17 19 27 39
7 17 19 27 40
7 17 19 27 41
7 17 19 27 42
7 17 19 27 43
7 17 19 27 44
7 17 19 27 45
7 17 19 28 37
7 17 19 29 37
7 17 19 30 37
7 17 19 31 37
7 17 19 32 37
7 17 19 33 37
7 17 19 34 37
7 17 19 35 37
7 17 19 36 37
7 17 19 37 38
7 17 19 37 39
7 17 19 37 40
7 17 19 37 41
7 17 19 37 42
7 17 19 37 43
7 17 19 37 44
7 17 19 37 45
7 17 20 21 27
7 17 20 21 37
7 17 20 22 27
7 17 20 22 37
7 17 20 23 27
7 17 20 23 37
7 17 20 24 27
7 17 20 24 37
7 17 20 25 27
7 17 20 25 37
7 17 20 26 27
7 17 20 26 37
7 17 20 27 28
7 17 20 27 29
7 17 20 27 30
7 17 20 27 31
7 17 20 27 32
7 17 20 27 33
7 17 20 27 34
7 17 20 27 35
7 17 20 27 36
7 17 20 27 37
7 17 20 27 38
7 17 20 27 39
7 17 20 27 40
7 17 20 27 41
7 17 20 27 42
7 17 20 27 43
7 17 20 27 44
7 17 20 27 45
7 17 20 28 37
7 17 20 29 37
7 17 20 30 37
7 17 20 31 37
7 17 20 32 37
7 17 20 33 37
7 17 20 34 37
7 17 20 35 37
7 17 20 36 37
7 17 20 37 38
7 17 20 37 39
7 17 20 37 40
7 17 20 37 41
7 17 20 37 42
7 17 20 37 43
7 17 20 37 44
7 17 20 37 45
7 17 21 22 27
7 17 21 22 37
7 17 21 23 27
7 17 21 23 37
7 17 21 24 27
7 17 21 24 37
7 17 21 25 27
7 17 21 25 37
7 17 21 26 27
7 17 21 26 37
7 17 21 27 28
7 17 21 27 29
7 17 21 27 30
7 17 21 27 31
7 17 21 27 32
7 17 21 27 33
7 17 21 27 34
7 17 21 27 35
7 17 21 27 36
7 17 21 27 37
7 17 21 27 38
7 17 21 27 39
7 17 21 27 40
7 17 21 27 41
7 17 21 27 42
7 17 21 27 43
7 17 21 27 44
7 17 21 27 45
7 17 21 28 37
7 17 21 29 37
7 17 21 30 37
7 17 21 31 37
7 17 21 32 37
7 17 21 33 37
7 17 21 34 37
7 17 21 35 37
7 17 21 36 37
7 17 21 37 38
7 17 21 37 39
7 17 21 37 40
7 17 21 37 41
7 17 21 37 42
7 17 21 37 43
7 17 21 37 44
7 17 21 37 45
7 17 22 23 27
7 17 22 23 37
7 17 22 24 27
7 17 22 24 37
7 17 22 25 27
7 17 22 25 37
7 17 22 26 27
7 17 22 26 37
7 17 22 27 28
7 17 22 27 29
7 17 22 27 30
7 17 22 27 31
7 17 22 27 32
7 17 22 27 33
7 17 22 27 34
7 17 22 27 35
7 17 22 27 36
7 17 22 27 37
7 17 22 27 38
7 17 22 27 39
7 17 22 27 40
7 17 22 27 41
7 17 22 27 42
7 17 22 27 43
7 17 22 27 44
7 17 22 27 45
7 17 22 28 37
7 17 22 29 37
7 17 22 30 37
7 17 22 31 37
7 17 22 32 37
7 17 22 33 37
7 17 22 34 37
7 17 22 35 37
7 17 22 36 37
7 17 22 37 38
7 17 22 37 39
7 17 22 37 40
7 17 22 37 41
7 17 22 37 42
7 17 22 37 43
7 17 22 37 44
7 17 22 37 45
7 17 23 24 27
7 17 23 24 37
7 17 23 25 27
7 17 23 25 37
7 17 23 26 27
7 17 23 26 37
7 17 23 27 28
7 17 23 27 29
7 17 23 27 30
7 17 23 27 31
7 17 23 27 32
7 17 23 27 33
7 17 23 27 34
7 17 23 27 35
7 17 23 27 36
7 17 23 27 37
7 17 23 27 38
7 17 23 27 39
7 17 23 27 40
7 17 23 27 41
7 17 23 27 42
7 17 23 27 43
7 17 23 27 44
7 17 23 27 45
7 17 23 28 37
7 17 23 29 37
7 17 23 30 37
7 17 23 31 37
7 17 23 32 37
7 17 23 33 37
7 17 23 34 37
7 17 23 35 37
7 17 23 36 37
7 17 23 37 38
7 17 23 37 39
7 17 23 37 40
7 17 23 37 41
7 17 23 37 42
7 17 23 37 43
7 17 23 37 44
7 17 23 37 45
7 17 24 25 27
7 17 24 25 37
7 17 24 26 27
7 17 24 26 37
7 17 24 27 28
7 17 24 27 29
7 17 24 27 30
7 17 24 27 31
7 17 24 27 32
7 17 24 27 33
7 17 24 27 34
7 17 24 27 35
7 17 24 27 36
7 17 24 27 37
7 17 24 27 38
7 17 24 27 39
7 17 24 27 40
7 17 24 27 41
7 17 24 27 42
7 17 24 27 43
7 17 24 27 44
7 17 24 27 45
7 17 24 28 37
7 17 24 29 37
7 17 24 30 37
7 17 24 31 37
7 17 24 32 37
7 17 24 33 37
7 17 24 34 37
7 17 24 35 37
7 17 24 36 37
7 17 24 37 38
7 17 24 37 39
7 17 24 37 40
7 17 24 37 41
7 17 24 37 42
7 17 24 37 43
7 17 24 37 44
7 17 24 37 45
7 17 25 26 27
7 17 25 26 37
7 17 25 27 28
7 17 25 27 29
7 17 25 27 30
7 17 25 27 31
7 17 25 27 32
7 17 25 27 33
7 17 25 27 34
7 17 25 27 35
7 17 25 27 36
7 17 25 27 37
7 17 25 27 38
7 17 25 27 39
7 17 25 27 40
7 17 25 27 41
7 17 25 27 42
7 17 25 27 43
7 17 25 27 44
7 17 25 27 45
7 17 25 28 37
7 17 25 29 37
7 17 25 30 37
7 17 25 31 37
7 17 25 32 37
7 17 25 33 37
7 17 25 34 37
7 17 25 35 37
7 17 25 36 37
7 17 25 37 38
7 17 25 37 39
7 17 25 37 40
7 17 25 37 41
7 17 25 37 42
7 17 25 37 43
7 17 25 37 44
7 17 25 37 45
7 17 26 27 28
7 17 26 27 29
7 17 26 27 30
7 17 26 27 31
7 17 26 27 32
7 17 26 27 33
7 17 26 27 34
7 17 26 27 35
7 17 26 27 36
7 17 26 27 37
7 17 26 27 38
7 17 26 27 39
7 17 26 27 40
7 17 26 27 41
7 17 26 27 42
7 17 26 27 43
7 17 26 27 44
7 17 26 27 45
7 17 26 28 37
7 17 26 29 37
7 17 26 30 37
7 17 26 31 37
7 17 26 32 37
7 17 26 33 37
7 17 26 34 37
7 17 26 35 37
7 17 26 36 37
7 17 26 37 38
7 17 26 37 39
7 17 26 37 40
7 17 26 37 41
7 17 26 37 42
7 17 26 37 43
7 17 26 37 44
7 17 26 37 45
7 17 27 28 29
7 17 27 28 30
7 17 27 28 31
7 17 27 28 32
7 17 27 28 33
7 17 27 28 34
7 17 27 28 35
7 17 27 28 36
7 17 27 28 37
7 17 27 28 38
7 17 27 28 39
7 17 27 28 40
7 17 27 28 41
7 17 27 28 42
7 17 27 28 43
7 17 27 28 44
7 17 27 28 45
7 17 27 29 30
7 17 27 29 31
7 17 27 29 32
7 17 27 29 33
7 17 27 29 34
7 17 27 29 35
7 17 27 29 36
7 17 27 29 37
7 17 27 29 38
7 17 27 29 39
7 17 27 29 40
7 17 27 29 41
7 17 27 29 42
7 17 27 29 43
7 17 27 29 44
7 17 27 29 45
7 17 27 30 31
7 17 27 30 32
7 17 27 30 33
7 17 27 30 34
7 17 27 30 35
7 17 27 30 36
7 17 27 30 37
7 17 27 30 38
7 17 27 30 39
7 17 27 30 40
7 17 27 30 41
7 17 27 30 42
7 17 27 30 43
7 17 27 30 44
7 17 27 30 45
7 17 27 31 32
7 17 27 31 33
7 17 27 31 34
7 17 27 31 35
7 17 27 31 36
7 17 27 31 37
7 17 27 31 38
7 17 27 31 39
7 17 27 31 40
7 17 27 31 41
7 17 27 31 42
7 17 27 31 43
7 17 27 31 44
7 17 27 31 45
7 17 27 32 33
7 17 27 32 34
7 17 27 32 35
7 17 27 32 36
7 17 27 32 37
7 17 27 32 38
7 17 27 32 39
7 17 27 32 40
7 17 27 32 41
7 17 27 32 42
7 17 27 32 43
7 17 27 32 44
7 17 27 32 45
7 17 27 33 34
7 17 27 33 35
7 17 27 33 36
7 17 27 33 37
7 17 27 33 38
7 17 27 33 39
7 17 27 33 40
7 17 27 33 41
7 17 27 33 42
7 17 27 33 43
7 17 27 33 44
7 17 27 33 45
7 17 27 34 35
7 17 27 34 36
7 17 27 34 37
7 17 27 34 38
7 17 27 34 39
7 17 27 34 40
7 17 27 34 41
7 17 27 34 42
7 17 27 34 43
7 17 27 34 44
7 17 27 34 45
7 17 27 35 36
7 17 27 35 37
7 17 27 35 38
7 17 27 35 39
7 17 27 35 40
7 17 27 35 41
7 17 27 35 42
7 17 27 35 43
7 17 27 35 44
7 17 27 35 45
7 17 27 36 37
7 17 27 36 38
7 17 27 36 39
7 17 27 36 40
7 17 27 36 41
7 17 27 36 42
7 17 27 36 43
7 17 27 36 44
7 17 27 36 45
7 17 27 37 38
7 17 27 37 39
7 17 27 37 40
7 17 27 37 41
7 17 27 37 42
7 17 27 37 43
7 17 27 37 44
7 17 27 37 45
7 17 27 38 39
7 17 27 38 40
7 17 27 38 41
7 17 27 38 42
7 17 27 38 43
7 17 27 38 44
7 17 27 38 45
7 17 27 39 40
7 17 27 39 41
7 17 27 39 42
7 17 27 39 43
7 17 27 39 44
7 17 27 39 45
7 17 27 40 41
7 17 27 40 42
7 17 27 40 43
7 17 27 40 44
7 17 27 40 45
7 17 27 41 42
7 17 27 41 43
7 17 27 41 44
7 17 27 41 45
7 17 27 42 43
7 17 27 42 44
7 17 27 42 45
7 17 27 43 44
7 17 27 43 45
7 17 27 44 45
7 17 28 29 37
7 17 28 30 37
7 17 28 31 37
7 17 28 32 37
7 17 28 33 37
7 17 28 34 37
7 17 28 35 37
7 17 28 36 37
7 17 28 37 38
7 17 28 37 39
7 17 28 37 40
7 17 28 37 41
7 17 28 37 42
7 17 28 37 43
7 17 28 37 44
7 17 28 37 45
7 17 29 30 37
7 17 29 31 37
7 17 29 32 37
7 17 29 33 37
7 17 29 34 37
7 17 29 35 37
7 17 29 36 37
7 17 29 37 38
7 17 29 37 39
7 17 29 37 40
7 17 29 37 41
7 17 29 37 42
7 17 29 37 43
7 17 29 37 44
7 17 29 37 45
7 17 30 31 37
7 17 30 32 37
7 17 30 33 37
7 17 30 34 37
7 17 30 35 37
7 17 30 36 37
7 17 30 37 38
7 17 30 37 39
7 17 30 37 40
7 17 30 37 41
7 17 30 37 42
7 17 30 37 43
7 17 30 37 44
7 17 30 37 45
7 17 31 32 37
7 17 31 33 37
7 17 31 34 37
7 17 31 35 37
7 17 31 36 37
7 17 31 37 38
7 17 31 37 39
7 17 31 37 40
7 17 31 37 41
7 17 31 37 42
7 17 31 37 43
7 17 31 37 44
7 17 31 37 45
7 17 32 33 37
7 17 32 34 37
7 17 32 35 37
7 17 32 36 37
7 17 32 37 38
7 17 32 37 39
7 17 32 37 40
7 17 32 37 41
7 17 32 37 42
7 17 32 37 43
7 17 32 37 44
7 17 32 37 45
7 17 33 34 37
7 17 33 35 37
7 17 33 36 37
7 17 33 37 38
7 17 33 37 39
7 17 33 37 40
7 17 33 37 41
7 17 33 37 42
7 17 33 37 43
7 17 33 37 44
7 17 33 37 45
7 17 34 35 37
7 17 34 36 37
7 17 34 37 38
7 17 34 37 39
7 17 34 37 40
7 17 34 37 41
7 17 34 37 42
7 17 34 37 43
7 17 34 37 44
7 17 34 37 45
7 17 35 36 37
7 17 35 37 38
7 17 35 37 39
7 17 35 37 40
7 17 35 37 41
7 17 35 37 42
7 17 35 37 43
7 17 35 37 44
7 17 35 37 45
7 17 36 37 38
7 17 36 37 39
7 17 36 37 40
7 17 36 37 41
7 17 36 37 42
7 17 36 37 43
7 17 36 37 44
7 17 36 37 45
7 17 37 38 39
7 17 37 38 40
7 17 37 38 41
7 17 37 38 42
7 17 37 38 43
7 17 37 38 44
7 17 37 38 45
7 17 37 39 40
7 17 37 39 41
7 17 37 39 42
7 17 37 39 43
7 17 37 39 44
7 17 37 39 45
7 17 37 40 41
7 17 37 40 42
7 17 37 40 43
7 17 37 40 44
7 17 37 40 45
7 17 37 41 42
7 17 37 41 43
7 17 37 41 44
7 17 37 41 45
7 17 37 42 43
7 17 37 42 44
7 17 37 42 45
7 17 37 43 44
7 17 37 43 45
7 17 37 44 45
7 18 19 27 37
7 18 20 27 37
7 18 21 27 37
7 18 22 27 37
7 18 23 27 37
7 18 24 27 37
7 18 25 27 37
7 18 26 27 37
7 18 27 28 37
7 18 27 29 37
7 18 27 30 37
7 18 27 31 37
7 18 27 32 37
7 18 27 33 37
7 18 27 34 37
7 18 27 35 37
7 18 27 36 37
7 18 27 37 38
7 18 27 37 39
7 18 27 37 40
7 18 27 37 41
7 18 27 37 42
7 18 27 37 43
7 18 27 37 44
7 18 27 37 45
7 19 20 27 37
7 19 21 27 37
7 19 22 27 37
7 19 23 27 37
7 19 24 27 37
7 19 25 27 37
7 19 26 27 37
7 19 27 28 37
7 19 27 29 37
7 19 27 30 37
7 19 27 31 37
7 19 27 32 37
7 19 27 33 37
7 19 27 34 37
7 19 27 35 37
7 19 27 36 37
7 19 27 37 38
7 19 27 37 39
7 19 27 37 40
7 19 27 37 41
7 19 27 37 42
7 19 27 37 43
7 19 27 37 44
7 19 27 37 45
7 20 21 27 37
7 20 22 27 37
7 20 23 27 37
7 20 24 27 37
7 20 25 27 37
7 20 26 27 37
7 20 27 28 37
7 20 27 29 37
7 20 27 30 37
7 20 27 31 37
7 20 27 32 37
7 20 27 33 37
7 20 27 34 37
7 20 27 35 37
7 20 27 36 37
7 20 27 37 38
7 20 27 37 39
7 20 27 37 40
7 20 27 37 41
7 20 27 37 42
7 20 27 37 43
7 20 27 37 44
7 20 27 37 45
7 21 22 27 37
7 21 23 27 37
7 21 24 27 37
7 21 25 27 37
7 21 26 27 37
7 21 27 28 37
7 21 27 29 37
7 21 27 30 37
7 21 27 31 37
7 21 27 32 37
7 21 27 33 37
7 21 27 34 37
7 21 27 35 37
7 21 27 36 37
7 21 27 37 38
7 21 27 37 39
7 21 27 37 40
7 21 27 37 41
7 21 27 37 42
7 21 27 37 43
7 21 27 37 44
7 21 27 37 45
7 22 23 27 37
7 22 24 27 37
7 22 25 27 37
7 22 26 27 37
7 22 27 28 37
7 22 27 29 37
7 22 27 30 37
7 22 27 31 37
7 22 27 32 37
7 22 27 33 37
7 22 27 34 37
7 22 27 35 37
7 22 27 36 37
7 22 27 37 38
7 22 27 37 39
7 22 27 37 40
7 22 27 37 41
7 22 27 37 42
7 22 27 37 43
7 22 27 37 44
7 22 27 37 45
7 23 24 27 37
7 23 25 27 37
7 23 26 27 37
7 23 27 28 37
7 23 27 29 37
7 23 27 30 37
7 23 27 31 37
7 23 27 32 37
7 23 27 33 37
7 23 27 34 37
7 23 27 35 37
7 23 27 36 37
7 23 27 37 38
7 23 27 37 39
7 23 27 37 40
7 23 27 37 41
7 23 27 37 42
7 23 27 37 43
7 23 27 37 44
7 23 27 37 45
7 24 25 27 37
7 24 26 27 37
7 24 27 28 37
7 24 27 29 37
7 24 27 30 37
7 24 27 31 37
7 24 27 32 37
7 24 27 33 37
7 24 27 34 37
7 24 27 35 37
7 24 27 36 37
7 24 27 37 38
7 24 27 37 39
7 24 27 37 40
7 24 27 37 41
7 24 27 37 42
7 24 27 37 43
7 24 27 37 44
7 24 27 37 45
7 25 26 27 37
7 25 27 28 37
7 25 27 29 37
7 25 27 30 37
7 25 27 31 37
7 25 27 32 37
7 25 27 33 37
7 25 27 34 37
7 25 27 35 37
7 25 27 36 37
7 25 27 37 38
7 25 27 37 39
7 25 27 37 40
7 25 27 37 41
7 25 27 37 42
7 25 27 37 43
7 25 27 37 44
7 25 27 37 45
7 26 27 28 37
7 26 27 29 37
7 26 27 30 37
7 26 27 31 37
7 26 27 32 37
7 26 27 33 37
7 26 27 34 37
7 26 27 35 37
7 26 27 36 37
7 26 27 37 38
7 26 27 37 39
7 26 27 37 40
7 26 27 37 41
7 26 27 37 42
7 26 27 37 43
7 26 27 37 44
7 26 27 37 45
7 27 28 29 37
7 27 28 30 37
7 27 28 31 37
7 27 28 32 37
7 27 28 33 37
7 27 28 34 37
7 27 28 35 37
7 27 28 36 37
7 27 28 37 38
7 27 28 37 39
7 27 28 37 40
7 27 28 37 41
7 27 28 37 42
7 27 28 37 43
7 27 28 37 44
7 27 28 37 45
7 27 29 30 37
7 27 29 31 37
7 27 29 32 37
7 27 29 33 37
7 27 29 34 37
7 27 29 35 37
7 27 29 36 37
7 27 29 37 38
7 27 29 37 39
7 27 29 37 40
7 27 29 37 41
7 27 29 37 42
7 27 29 37 43
7 27 29 37 44
7 27 29 37 45
7 27 30 31 37
7 27 30 32 37
7 27 30 33 37
7 27 30 34 37
7 27 30 35 37
7 27 30 36 37
7 27 30 37 38
7 27 30 37 39
7 27 30 37 40
7 27 30 37 41
7 27 30 37 42
7 27 30 37 43
7 27 30 37 44
7 27 30 37 45
7 27 31 32 37
7 27 31 33 37
7 27 31 34 37
7 27 31 35 37
7 27 31 36 37
7 27 31 37 38
7 27 31 37 39
7 27 31 37 40
7 27 31 37 41
7 27 31 37 42
7 27 31 37 43
7 27 31 37 44
7 27 31 37 45
7 27 32 33 37
7 27 32 34 37
7 27 32 35 37
7 27 32 36 37
7 27 32 37 38
7 27 32 37 39
7 27 32 37 40
7 27 32 37 41
7 27 32 37 42
7 27 32 37 43
7 27 32 37 44
7 27 32 37 45
7 27 33 34 37
7 27 33 35 37
7 27 33 36 37
7 27 33 37 38
7 27 33 37 39
7 27 33 37 40
7 27 33 37 41
7 27 33 37 42
7 27 33 37 43
7 27 33 37 44
7 27 33 37 45
7 27 34 35 37
7 27 34 36 37
7 27 34 37 38
7 27 34 37 39
7 27 34 37 40
7 27 34 37 41
7 27 34 37 42
7 27 34 37 43
7 27 34 37 44
7 27 34 37 45
7 27 35 36 37
7 27 35 37 38
7 27 35 37 39
7 27 35 37 40
7 27 35 37 41
7 27 35 37 42
7 27 35 37 43
7 27 35 37 44
7 27 35 37 45
7 27 36 37 38
7 27 36 37 39
7 27 36 37 40
7 27 36 37 41
7 27 36 37 42
7 27 36 37 43
7 27 36 37 44
7 27 36 37 45
7 27 37 38 39
7 27 37 38 40
7 27 37 38 41
7 27 37 38 42
7 27 37 38 43
7 27 37 38 44
7 27 37 38 45
7 27 37 39 40
7 27 37 39 41
7 27 37 39 42
7 27 37 39 43
7 27 37 39 44
7 27 37 39 45
7 27 37 40 41
7 27 37 40 42
7 27 37 40 43
7 27 37 40 44
7 27 37 40 45
7 27 37 41 42
7 27 37 41 43
7 27 37 41 44
7 27 37 41 45
7 27 37 42 43
7 27 37 42 44
7 27 37 42 45
7 27 37 43 44
7 27 37 43 45
7 27 37 44 45
8 9 17 27 37
8 10 17 27 37
8 11 17 27 37
8 12 17 27 37
8 13 17 27 37
8 14 17 27 37
8 15 17 27 37
8 16 17 27 37
8 17 18 27 37
8 17 19 27 37
8 17 20 27 37
8 17 21 27 37
8 17 22 27 37
8 17 23 27 37
8 17 24 27 37
8 17 25 27 37
8 17 26 27 37
8 17 27 28 37
8 17 27 29 37
8 17 27 30 37
8 17 27 31 37
8 17 27 32 37
8 17 27 33 37
8 17 27 34 37
8 17 27 35 37
8 17 27 36 37
8 17 27 37 38
8 17 27 37 39
8 17 27 37 40
8 17 27 37 41
8 17 27 37 42
8 17 27 37 43
8 17 27 37 44
8 17 27 37 45
9 10 17 27 37
9 11 17 27 37
9 12 17 27 37
9 13 17 27 37
9 14 17 27 37
9 15 17 27 37
9 16 17 27 37
9 17 18 27 37
9 17 19 27 37
9 17 20 27 37
9 17 21 27 37
9 17 22 27 37
9 17 23 27 37
9 17 24 27 37
9 17 25 27 37
9 17 26 27 37
9 17 27 28 37
9 17 27 29 37
9 17 27 30 37
9 17 27 31 37
9 17 27 32 37
9 17 27 33 37
9 17 27 34 37
9 17 27 35 37
9 17 27 36 37
9 17 27 37 38
9 17 27 37 39
9 17 27 37 40
9 17 27 37 41
9 17 27 37 42
9 17 27 37 43
9 17 27 37 44
9 17 27 37 45
10 11 17 27 37
10 12 17 27 37
10 13 17 27 37
10 14 17 27 37
10 15 17 27 37
10 16 17 27 37
10 17 18 27 37
10 17 19 27 37
10 17 20 27 37
10 17 21 27 37
10 17 22 27 37
10 17 23 27 37
10 17 24 27 37
10 17 25 27 37
10 17 26 27 37
10 17 27 28 37
10 17 27 29 37
10 17 27 30 37
10 17 27 31 37
10 17 27 32 37
10 17 27 33 37
10 17 27 34 37
10 17 27 35 37
10 17 27 36 37
10 17 27 37 38
10 17 27 37 39
10 17 27 37 40
10 17 27 37 41
10 17 27 37 42
10 17 27 37 43
10 17 27 37 44
10 17 27 37 45
11 12 17 27 37
11 13 17 27 37
11 14 17 27 37
11 15 17 27 37
11 16 17 27 37
11 17 18 27 37
11 17 19 27 37
11 17 20 27 37
11 17 21 27 37
11 17 22 27 37
11 17 23 27 37
11 17 24 27 37
11 17 25 27 37
11 17 26 27 37
11 17 27 28 37
11 17 27 29 37
11 17 27 30 37
11 17 27 31 37
11 17 27 32 37
11 17 27 33 37
11 17 27 34 37
11 17 27 35 37
11 17 27 36 37
11 17 27 37 38
11 17 27 37 39
11 17 27 37 40
11 17 27 37 41
11 17 27 37 42
11 17 27 37 43
11 17 27 37 44
11 17 27 37 45
12 13 17 27 37
12 14 17 27 37
12 15 17 27 37
12 16 17 27 37
12 17 18 27 37
12 17 19 27 37
12 17 20 27 37
12 17 21 27 37
12 17 22 27 37
12 17 23 27 37
12 17 24 27 37
12 17 25 27 37
12 17 26 27 37
12 17 27 28 37
12 17 27 29 37
12 17 27 30 37
12 17 27 31 37
12 17 27 32 37
12 17 27 33 37
12 17 27 34 37
12 17 27 35 37
12 17 27 36 37
12 17 27 37 38
12 17 27 37 39
12 17 27 37 40
12 17 27 37 41
12 17 27 37 42
12 17 27 37 43
12 17 27 37 44
12 17 27 37 45
13 14 17 27 37
13 15 17 27 37
13 16 17 27 37
13 17 18 27 37
13 17 19 27 37
13 17 20 27 37
13 17 21 27 37
13 17 22 27 37
13 17 23 27 37
13 17 24 27 37
13 17 25 27 37
13 17 26 27 37
13 17 27 28 37
13 17 27 29 37
13 17 27 30 37
13 17 27 31 37
13 17 27 32 37
13 17 27 33 37
13 17 27 34 37
13 17 27 35 37
13 17 27 36 37
13 17 27 37 38
13 17 27 37 39
13 17 27 37 40
13 17 27 37 41
13 17 27 37 42
13 17 27 37 43
13 17 27 37 44
13 17 27 37 45
14 15 17 27 37
14 16 17 27 37
14 17 18 27 37
14 17 19 27 37
14 17 20 27 37
14 17 21 27 37
14 17 22 27 37
14 17 23 27 37
14 17 24 27 37
14 17 25 27 37
14 17 26 27 37
14 17 27 28 37
14 17 27 29 37
14 17 27 30 37
14 17 27 31 37
14 17 27 32 37
14 17 27 33 37
14 17 27 34 37
14 17 27 35 37
14 17 27 36 37
14 17 27 37 38
14 17 27 37 39
14 17 27 37 40
14 17 27 37 41
14 17 27 37 42
14 17 27 37 43
14 17 27 37 44
14 17 27 37 45
15 16 17 27 37
15 17 18 27 37
15 17 19 27 37
15 17 20 27 37
15 17 21 27 37
15 17 22 27 37
15 17 23 27 37
15 17 24 27 37
15 17 25 27 37
15 17 26 27 37
15 17 27 28 37
15 17 27 29 37
15 17 27 30 37
15 17 27 31 37
15 17 27 32 37
15 17 27 33 37
15 17 27 34 37
15 17 27 35 37
15 17 27 36 37
15 17 27 37 38
15 17 27 37 39
15 17 27 37 40
15 17 27 37 41
15 17 27 37 42
15 17 27 37 43
15 17 27 37 44
15 17 27 37 45
16 17 18 27 37
16 17 19 27 37
16 17 20 27 37
16 17 21 27 37
16 17 22 27 37
16 17 23 27 37
16 17 24 27 37
16 17 25 27 37
16 17 26 27 37
16 17 27 28 37
16 17 27 29 37
16 17 27 30 37
16 17 27 31 37
16 17 27 32 37
16 17 27 33 37
16 17 27 34 37
16 17 27 35 37
16 17 27 36 37
16 17 27 37 38
16 17 27 37 39
16 17 27 37 40
16 17 27 37 41
16 17 27 37 42
16 17 27 37 43
16 17 27 37 44
16 17 27 37 45
17 18 19 27 37
17 18 20 27 37
17 18 21 27 37
17 18 22 27 37
17 18 23 27 37
17 18 24 27 37
17 18 25 27 37
17 18 26 27 37
17 18 27 28 37
17 18 27 29 37
17 18 27 30 37
17 18 27 31 37
17 18 27 32 37
17 18 27 33 37
17 18 27 34 37
17 18 27 35 37
17 18 27 36 37
17 18 27 37 38
17 18 27 37 39
17 18 27 37 40
17 18 27 37 41
17 18 27 37 42
17 18 27 37 43
17 18 27 37 44
17 18 27 37 45
17 19 20 27 37
17 19 21 27 37
17 19 22 27 37
17 19 23 27 37
17 19 24 27 37
17 19 25 27 37
17 19 26 27 37
17 19 27 28 37
17 19 27 29 37
17 19 27 30 37
17 19 27 31 37
17 19 27 32 37
17 19 27 33 37
17 19 27 34 37
17 19 27 35 37
17 19 27 36 37
17 19 27 37 38
17 19 27 37 39
17 19 27 37 40
17 19 27 37 41
17 19 27 37 42
17 19 27 37 43
17 19 27 37 44
17 19 27 37 45
17 20 21 27 37
17 20 22 27 37
17 20 23 27 37
17 20 24 27 37
17 20 25 27 37
17 20 26 27 37
17 20 27 28 37
17 20 27 29 37
17 20 27 30 37
17 20 27 31 37
17 20 27 32 37
17 20 27 33 37
17 20 27 34 37
17 20 27 35 37
17 20 27 36 37
17 20 27 37 38
17 20 27 37 39
17 20 27 37 40
17 20 27 37 41
17 20 27 37 42
17 20 27 37 43
17 20 27 37 44
17 20 27 37 45
17 21 22 27 37
17 21 23 27 37
17 21 24 27 37
17 21 25 27 37
17 21 26 27 37
17 21 27 28 37
17 21 27 29 37
17 21 27 30 37
17 21 27 31 37
17 21 27 32 37
17 21 27 33 37
17 21 27 34 37
17 21 27 35 37
17 21 27 36 37
17 21 27 37 38
17 21 27 37 39
17 21 27 37 40
17 21 27 37 41
17 21 27 37 42
17 21 27 37 43
17 21 27 37 44
17 21 27 37 45
17 22 23 27 37
17 22 24 27 37
17 22 25 27 37
17 22 26 27 37
17 22 27 28 37
17 22 27 29 37
17 22 27 30 37
17 22 27 31 37
17 22 27 32 37
17 22 27 33 37
17 22 27 34 37
17 22 27 35 37
17 22 27 36 37
17 22 27 37 38
17 22 27 37 39
17 22 27 37 40
17 22 27 37 41
17 22 27 37 42
17 22 27 37 43
17 22 27 37 44
17 22 27 37 45
17 23 24 27 37
17 23 25 27 37
17 23 26 27 37
17 23 27 28 37
17 23 27 29 37
17 23 27 30 37
17 23 27 31 37
17 23 27 32 37
17 23 27 33 37
17 23 27 34 37
17 23 27 35 37
17 23 27 36 37
17 23 27 37 38
17 23 27 37 39
17 23 27 37 40
17 23 27 37 41
17 23 27 37 42
17 23 27 37 43
17 23 27 37 44
17 23 27 37 45
17 24 25 27 37
17 24 26 27 37
17 24 27 28 37
17 24 27 29 37
17 24 27 30 37
17 24 27 31 37
17 24 27 32 37
17 24 27 33 37
17 24 27 34 37
17 24 27 35 37
17 24 27 36 37
17 24 27 37 38
17 24 27 37 39
17 24 27 37 40
17 24 27 37 41
17 24 27 37 42
17 24 27 37 43
17 24 27 37 44
17 24 27 37 45
17 25 26 27 37
17 25 27 28 37
17 25 27 29 37
17 25 27 30 37
17 25 27 31 37
17 25 27 32 37
17 25 27 33 37
17 25 27 34 37
17 25 27 35 37
17 25 27 36 37
17 25 27 37 38
17 25 27 37 39
17 25 27 37 40
17 25 27 37 41
17 25 27 37 42
17 25 27 37 43
17 25 27 37 44
17 25 27 37 45
17 26 27 28 37
17 26 27 29 37
17 26 27 30 37
17 26 27 31 37
17 26 27 32 37
17 26 27 33 37
17 26 27 34 37
17 26 27 35 37
17 26 27 36 37
17 26 27 37 38
17 26 27 37 39
17 26 27 37 40
17 26 27 37 41
17 26 27 37 42
17 26 27 37 43
17 26 27 37 44
17 26 27 37 45
17 27 28 29 37
17 27 28 30 37
17 27 28 31 37
17 27 28 32 37
17 27 28 33 37
17 27 28 34 37
17 27 28 35 37
17 27 28 36 37
17 27 28 37 38
17 27 28 37 39
17 27 28 37 40
17 27 28 37 41
17 27 28 37 42
17 27 28 37 43
17 27 28 37 44
17 27 28 37 45
17 27 29 30 37
17 27 29 31 37
17 27 29 32 37
17 27 29 33 37
17 27 29 34 37
17 27 29 35 37
17 27 29 36 37
17 27 29 37 38
17 27 29 37 39
17 27 29 37 40
17 27 29 37 41
17 27 29 37 42
17 27 29 37 43
17 27 29 37 44
17 27 29 37 45
17 27 30 31 37
17 27 30 32 37
17 27 30 33 37
17 27 30 34 37
17 27 30 35 37
17 27 30 36 37
17 27 30 37 38
17 27 30 37 39
17 27 30 37 40
17 27 30 37 41
17 27 30 37 42
17 27 30 37 43
17 27 30 37 44
17 27 30 37 45
17 27 31 32 37
17 27 31 33 37
17 27 31 34 37
17 27 31 35 37
17 27 31 36 37
17 27 31 37 38
17 27 31 37 39
17 27 31 37 40
17 27 31 37 41
17 27 31 37 42
17 27 31 37 43
17 27 31 37 44
17 27 31 37 45
17 27 32 33 37
17 27 32 34 37
17 27 32 35 37
17 27 32 36 37
17 27 32 37 38
17 27 32 37 39
17 27 32 37 40
17 27 32 37 41
17 27 32 37 42
17 27 32 37 43
17 27 32 37 44
17 27 32 37 45
17 27 33 34 37
17 27 33 35 37
17 27 33 36 37
17 27 33 37 38
17 27 33 37 39
17 27 33 37 40
17 27 33 37 41
17 27 33 37 42
17 27 33 37 43
17 27 33 37 44
17 27 33 37 45
17 27 34 35 37
17 27 34 36 37
17 27 34 37 38
17 27 34 37 39
17 27 34 37 40
17 27 34 37 41
17 27 34 37 42
17 27 34 37 43
17 27 34 37 44
17 27 34 37 45
17 27 35 36 37
17 27 35 37 38
17 27 35 37 39
17 27 35 37 40
17 27 35 37 41
17 27 35 37 42
17 27 35 37 43
17 27 35 37 44
17 27 35 37 45
17 27 36 37 38
17 27 36 37 39
17 27 36 37 40
17 27 36 37 41
17 27 36 37 42
17 27 36 37 43
17 27 36 37 44
17 27 36 37 45
17 27 37 38 39
17 27 37 38 40
17 27 37 38 41
17 27 37 38 42
17 27 37 38 43
17 27 37 38 44
17 27 37 38 45
17 27 37 39 40
17 27 37 39 41
17 27 37 39 42
17 27 37 39 43
17 27 37 39 44
17 27 37 39 45
17 27 37 40 41
17 27 37 40 42
17 27 37 40 43
17 27 37 40 44
17 27 37 40 45
17 27 37 41 42
17 27 37 41 43
17 27 37 41 44
17 27 37 41 45
17 27 37 42 43
17 27 37 42 44
17 27 37 42 45
17 27 37 43 44
17 27 37 43 45
17 27 37 44 45
