1 2 8 18 28
1 2 8 18 38
1 2 8 28 38
1 2 18 28 38
1 3 8 18 28
1 3 8 18 38
1 3 8 28 38
1 3 18 28 38
1 4 8 18 28
1 4 8 18 38
1 4 8 28 38
1 4 18 28 38
1 5 8 18 28
1 5 8 18 38
1 5 8 28 38
1 5 18 28 38
1 6 8 18 28
1 6 8 18 38
1 6 8 28 38
1 6 18 28 38
1 7 8 18 28
1 7 8 18 38
1 7 8 28 38
1 7 18 28 38
1 8 9 18 28
1 8 9 18 38
1 8 9 28 38
1 8 10 18 28
1 8 10 18 38
1 8 10 28 38
1 8 11 18 28
1 8 11 18 38
1 8 11 28 38
1 8 12 18 28
1 8 12 18 38
1 8 12 28 38
1 8 13 18 28
1 8 13 18 38
1 8 13 28 38
1 8 14 18 28
1 8 14 18 38
1 8 14 28 38
1 8 15 18 28
1 8 15 18 38
1 8 15 28 38
1 8 16 18 28
1 8 16 18 38
1 8 16 28 38
1 8 17 18 28
1 8 17 18 38
1 8 17 28 38
1 8 18 19 28
1 8 18 19 38
1 8 18 20 28
1 8 18 20 38
1 8 18 21 28
1 8 18 21 38
1 8 18 22 28
1 8 18 22 38
1 8 18 23 28
1 8 18 23 38
1 8 18 24 28
1 8 18 24 38
1 8 18 25 28
1 8 18 25 38
1 8 18 26 28
1 8 18 26 38
1 8 18 27 28
1 8 18 27 38
1 8 18 28 29
1 8 18 28 30
1 8 18 28 31
1 8 18 28 32
1 8 18 28 33
1 8 18 28 34
1 8 18 28 35
1 8 18 28 36
1 8 18 28 37
1 8 18 28 38
1 8 18 28 39
1 8 18 28 40
1 8 18 28 41
1 8 18 28 42
1 8 18 28 43
1 8 18 28 44
1 8 18 28 45
1 8 18 29 38
1 8 18 30 38
1 8 18 31 38
1 8 18 32 38
1 8 18 33 38
1 8 18 34 38
1 8 18 35 38
1 8 18 36 38
1 8 18 37 38
1 8 18 38 39
1 8 18 38 40
1 8 18 38 41
1 8 18 38 42
1 8 18 38 43
1 8 18 38 44
1 8 18 38 45
1 8 19 28 38
1 8 20 28 38
1 8 21 28 38
1 8 22 28 38
1 8 23 28 38
1 8 24 28 38
1 8 25 28 38
1 8 26 28 38
1 8 27 28 38
1 8 28 29 38
1 8 28 30 38
1 8 28 31 38
1 8 28 32 38
1 8 28 33 38
1 8 28 34 38
1 8 28 35 38
1 8 28 36 38
1 8 28 37 38
1 8 28 38 39
1 8 28 38 40
1 8 28 38 41
1 8 28 38 42
1 8 28 38 43
1 8 28 38 44
1 8 28 38 45
1 9 18 28 38
1 10 18 28 38
1 11 18 28 38
1 12 18 28 38
1 13 18 28 38
1 14 18 28 38
1 15 18 28 38
1 16 18 28 38
1 17 18 28 38
1 18 19 28 38
1 18 20 28 38
1 18 21 28 38
1 18 22 28 38
1 18 23 28 38
1 18 24 28 38
1 18 25 28 38
1 18 26 28 38
1 18 27 28 38
1 18 28 29 38
1 18 28 30 38
1 18 28 31 38
1 18 28 32 38
1 18 28 33 38
1 18 28 34 38
1 18 28 35 38
1 18 28 36 38
1 18 28 37 38
1 18 28 38 39
1 18 28 38 40
1 18 28 38 41
1 18 28 38 42
1 18 28 38 43
1 18 28 38 44
1 18 28 38 45
2 3 8 18 28
2 3 8 18 38
2 3 8 28 38
2 3 18 28 38
2 4 8 18 28
2 4 8 18 38
2 4 8 28 38
2 4 18 28 38
2 5 8 18 28
2 5 8 18 38
2 5 8 28 38
2 5 18 28 38
2 6 8 18 28
2 6 8 18 38
2 6 8 28 38
2 6 18 28 38
2 7 8 18 28
2 7 8 18 38
2 7 8 28 38
2 7 18 28 38
2 8 9 18 28
2 8 9 18 38
2 8 9 28 38
2 8 10 18 28
2 8 10 18 38
2 8 10 28 38
2 8 11 18 28
2 8 11 18 38
2 8 11 28 38
2 8 12 18 28
2 8 12 18 38
2 8 12 28 38
2 8 13 18 28
2 8 13 18 38
2 8 13 28 38
2 8 14 18 28
2 8 14 18 38
2 8 14 28 38
2 8 15 18 28
2 8 15 18 38
2 8 15 28 38
2 8 16 18 28
2 8 16 18 38
2 8 16 28 38
2 8 17 18 28
2 8 17 18 38
2 8 17 28 38
2 8 18 19 28
2 8 18 19 38
2 8 18 20 28
2 8 18 20 38
2 8 18 21 28
2 8 18 21 38
2 8 18 22 28
2 8 18 22 38
2 8 18 23 28
2 8 18 23 38
2 8 18 24 28
2 8 18 24 38
2 8 18 25 28
2 8 18 25 38
2 8 18 26 28
2 8 18 26 38
2 8 18 27 28
2 8 18 27 38
2 8 18 28 29
2 8 18 28 30
2 8 18 28 31
2 8 18 28 32
2 8 18 28 33
2 8 18 28 34
2 8 18 28 35
2 8 18 28 36
2 8 18 28 37
2 8 18 28 38
2 8 18 28 39
2 8 18 28 40
2 8 18 28 41
2 8 18 28 42
2 8 18 28 43
2 8 18 28 44
2 8 18 28 45
2 8 18 29 38
2 8 18 30 38
2 8 18 31 38
2 8 18 32 38
2 8 18 33 38
2 8 18 34 38
2 8 18 35 38
2 8 18 36 38
2 8 18 37 38
2 8 18 38 39
2 8 18 38 40
2 8 18 38 41
2 8 18 38 42
2 8 18 38 43
2 8 18 38 44
2 8 18 38 45
2 8 19 28 38
2 8 20 28 38
2 8 21 28 38
2 8 22 28 38
2 8 23 28 38
2 8 24 28 38
2 8 25 28 38
2 8 26 28 38
2 8 27 28 38
2 8 28 29 38
2 8 28 30 38
2 8 28 31 38
2 8 28 32 38
2 8 28 33 38
2 8 28 34 38
2 8 28 35 38
2 8 28 36 38
2 8 28 37 38
2 8 28 38 39
2 8 28 38 40
2 8 28 38 41
2 8 28 38 42
2 8 28 38 43
2 8 28 38 44
2 8 28 38 45
2 9 18 28 38
2 10 18 28 38
2 11 18 28 38
2 12 18 28 38
2 13 18 28 38
2 14 18 28 38
2 15 18 28 38
2 16 18 28 38
2 17 18 28 38
2 18 19 28 38
2 18 20 28 38
2 18 21 28 38
2 18 22 28 38
2 18 23 28 38
2 18 24 28 38
2 18 25 28 38
2 18 26 28 38
2 18 27 28 38
2 18 28 29 38
2 18 28 30 38
2 18 28 31 38
2 18 28 32 38
2 18 28 33 38
2 18 28 34 38
2 18 28 35 38
2 18 28 36 38
2 18 28 37 38
2 18 28 38 39
2 18 28 38 40
2 18 28 38 41
2 18 28 38 42
2 18 28 38 43
2 18 28 38 44
2 18 28 38 45
3 4 8 18 28
3 4 8 18 38
3 4 8 28 38
3 4 18 28 38
3 5 8 18 28
3 5 8 18 38
3 5 8 28 38
3 5 18 28 38
3 6 8 18 28
3 6 8 18 38
3 6 8 28 38
3 6 18 28 38
3 7 8 18 28
3 7 8 18 38
3 7 8 28 38
3 7 18 28 38
3 8 9 18 28
3 8 9 18 38
3 8 9 28 38
3 8 10 18 28
3 8 10 18 38
3 8 10 28 38
3 8 11 18 28
3 8 11 18 38
3 8 11 28 38
3 8 12 18 28
3 8 12 18 38
3 8 12 28 38
3 8 13 18 28
3 8 13 18 38
3 8 13 28 38
3 8 14 18 28
3 8 14 18 38
3 8 14 28 38
3 8 15 18 28
3 8 15 18 38
3 8 15 28 38
3 8 16 18 28
3 8 16 18 38
3 8 16 28 38
3 8 17 18 28
3 8 17 18 38
3 8 17 28 38
3 8 18 19 28
3 8 18 19 38
3 8 18 20 28
3 8 18 20 38
3 8 18 21 28
3 8 18 21 38
3 8 18 22 28
3 8 18 22 38
3 8 18 23 28
3 8 18 23 38
3 8 18 24 28
3 8 18 24 38
3 8 18 25 28
3 8 18 25 38
3 8 18 26 28
3 8 18 26 38
3 8 18 27 28
3 8 18 27 38
3 8 18 28 29
3 8 18 28 30
3 8 18 28 31
3 8 18 28 32
3 8 18 28 33
3 8 18 28 34
3 8 18 28 35
3 8 18 28 36
3 8 18 28 37
3 8 18 28 38
3 8 18 28 39
3 8 18 28 40
3 8 18 28 41
3 8 18 28 42
3 8 18 28 43
3 8 18 28 44
3 8 18 28 45
3 8 18 29 38
3 8 18 30 38
3 8 18 31 38
3 8 18 32 38
3 8 18 33 38
3 8 18 34 38
3 8 18 35 38
3 8 18 36 38
3 8 18 37 38
3 8 18 38 39
3 8 18 38 40
3 8 18 38 41
3 8 18 38 42
3 8 18 38 43
3 8 18 38 44
3 8 18 38 45
3 8 19 28 38
3 8 20 28 38
3 8 21 28 38
3 8 22 28 38
3 8 23 28 38
3 8 24 28 38
3 8 25 28 38
3 8 26 28 38
3 8 27 28 38
3 8 28 29 38
3 8 28 30 38
3 8 28 31 38
3 8 28 32 38
3 8 28 33 38
3 8 28 34 38
3 8 28 35 38
3 8 28 36 38
3 8 28 37 38
3 8 28 38 39
3 8 28 38 40
3 8 28 38 41
3 8 28 38 42
3 8 28 38 43
3 8 28 38 44
3 8 28 38 45
3 9 18 28 38
3 10 18 28 38
3 11 18 28 38
3 12 18 28 38
3 13 18 28 38
3 14 18 28 38
3 15 18 28 38
3 16 18 28 38
3 17 18 28 38
3 18 19 28 38
3 18 20 28 38
3 18 21 28 38
3 18 22 28 38
3 18 23 28 38
3 18 24 28 38
3 18 25 28 38
3 18 26 28 38
3 18 27 28 38
3 18 28 29 38
3 18 28 30 38
3 18 28 31 38
3 18 28 32 38
3 18 28 33 38
3 18 28 34 38
3 18 28 35 38
3 18 28 36 38
3 18 28 37 38
3 18 28 38 39
3 18 28 38 40
3 18 28 38 41
3 18 28 38 42
3 18 28 38 43
3 18 28 38 44
3 18 28 38 45
4 5 8 18 28
4 5 8 18 38
4 5 8 28 38
4 5 18 28 38
4 6 8 18 28
4 6 8 18 38
4 6 8 28 38
4 6 18 28 38
4 7 8 18 28
4 7 8 18 38
4 7 8 28 38
4 7 18 28 38
4 8 9 18 28
4 8 9 18 38
4 8 9 28 38
4 8 10 18 28
4 8 10 18 38
4 8 10 28 38
4 8 11 18 28
4 8 11 18 38
4 8 11 28 38
4 8 12 18 28
4 8 12 18 38
4 8 12 28 38
4 8 13 18 28
4 8 13 18 38
4 8 13 28 38
4 8 14 18 28
4 8 14 18 38
4 8 14 28 38
4 8 15 18 28
4 8 15 18 38
4 8 15 28 38
4 8 16 18 28
4 8 16 18 38
4 8 16 28 38
4 8 17 18 28
4 8 17 18 38
4 8 17 28 38
4 8 18 19 28
4 8 18 19 38
4 8 18 20 28
4 8 18 20 38
4 8 18 21 28
4 8 18 21 38
4 8 18 22 28
4 8 18 22 38
4 8 18 23 28
4 8 18 23 38
4 8 18 24 28
4 8 18 24 38
4 8 18 25 28
4 8 18 25 38
4 8 18 26 28
4 8 18 26 38
4 8 18 27 28
4 8 18 27 38
4 8 18 28 29
4 8 18 28 30
4 8 18 28 31
4 8 18 28 32
4 8 18 28 33
4 8 18 28 34
4 8 18 28 35
4 8 18 28 36
4 8 18 28 37
4 8 18 28 38
4 8 18 28 39
4 8 18 28 40
4 8 18 28 41
4 8 18 28 42
4 8 18 28 43
4 8 18 28 44
4 8 18 28 45
4 8 18 29 38
4 8 18 30 38
4 8 18 31 38
4 8 18 32 38
4 8 18 33 38
4 8 18 34 38
4 8 18 35 38
4 8 18 36 38
4 8 18 37 38
4 8 18 38 39
4 8 18 38 40
4 8 18 38 41
4 8 18 38 42
4 8 18 38 43
4 8 18 38 44
4 8 18 38 45
4 8 19 28 38
4 8 20 28 38
4 8 21 28 38
4 8 22 28 38
4 8 23 28 38
4 8 24 28 38
4 8 25 28 38
4 8 26 28 38
4 8 27 28 38
4 8 28 29 38
4 8 28 30 38
4 8 28 31 38
4 8 28 32 38
4 8 28 33 38
4 8 28 34 38
4 8 28 35 38
4 8 28 36 38
4 8 28 37 38
4 8 28 38 39
4 8 28 38 40
4 8 28 38 41
4 8 28 38 42
4 8 28 38 43
4 8 28 38 44
4 8 28 38 45
4 9 18 28 38
4 10 18 28 38
4 11 18 28 38
4 12 18 28 38
4 13 18 28 38
4 14 18 28 38
4 15 18 28 38
4 16 18 28 38
4 17 18 28 38
4 18 19 28 38
4 18 20 28 38
4 18 21 28 38
4 18 22 28 38
4 18 23 28 38
4 18 24 28 38
4 18 25 28 38
4 18 26 28 38
4 18 27 28 38
4 18 28 29 38
4 18 28 30 38
4 18 28 31 38
4 18 28 32 38
4 18 28 33 38
4 18 28 34 38
4 18 28 35 38
4 18 28 36 38
4 18 28 37 38
4 18 28 38 39
4 18 28 38 40
4 18 28 38 41
4 18 28 38 42
4 18 28 38 43
4 18 28 38 44
4 18 28 38 45
5 6 8 18 28
5 6 8 18 38
5 6 8 28 38
5 6 18 28 38
5 7 8 18 28
5 7 8 18 38
5 7 8 28 38
5 7 18 28 38
5 8 9 18 28
5 8 9 18 38
5 8 9 28 38
5 8 10 18 28
5 8 10 18 38
5 8 10 28 38
5 8 11 18 28
5 8 11 18 38
5 8 11 28 38
5 8 12 18 28
5 8 12 18 38
5 8 12 28 38
5 8 13 18 28
5 8 13 18 38
5 8 13 28 38
5 8 14 18 28
5 8 14 18 38
5 8 14 28 38
5 8 15 18 28
5 8 15 18 38
5 8 15 28 38
5 8 16 18 28
5 8 16 18 38
5 8 16 28 38
5 8 17 18 28
5 8 17 18 38
5 8 17 28 38
5 8 18 19 28
5 8 18 19 38
5 8 18 20 28
5 8 18 20 38
5 8 18 21 28
5 8 18 21 38
5 8 18 22 28
5 8 18 22 38
5 8 18 23 28
5 8 18 23 38
5 8 18 24 28
5 8 18 24 38
5 8 18 25 28
5 8 18 25 38
5 8 18 26 28
5 8 18 26 38
5 8 18 27 28
5 8 18 27 38
5 8 18 28 29
5 8 18 28 30
5 8 18 28 31
5 8 18 28 32
5 8 18 28 33
5 8 18 28 34
5 8 18 28 35
5 8 18 28 36
5 8 18 28 37
5 8 18 28 38
5 8 18 28 39
5 8 18 28 40
5 8 18 28 41
5 8 18 28 42
5 8 18 28 43
5 8 18 28 44
5 8 18 28 45
5 8 18 29 38
5 8 18 30 38
5 8 18 31 38
5 8 18 32 38
5 8 18 33 38
5 8 18 34 38
5 8 18 35 38
5 8 18 36 38
5 8 18 37 38
5 8 18 38 39
5 8 18 38 40
5 8 18 38 41
5 8 18 38 42
5 8 18 38 43
5 8 18 38 44
5 8 18 38 45
5 8 19 28 38
5 8 20 28 38
5 8 21 28 38
5 8 22 28 38
5 8 23 28 38
5 8 24 28 38
5 8 25 28 38
5 8 26 28 38
5 8 27 28 38
5 8 28 29 38
5 8 28 30 38
5 8 28 31 38
5 8 28 32 38
5 8 28 33 38
5 8 28 34 38
5 8 28 35 38
5 8 28 36 38
5 8 28 37 38
5 8 28 38 39
5 8 28 38 40
5 8 28 38 41
5 8 28 38 42
5 8 28 38 43
5 8 28 38 44
5 8 28 38 45
5 9 18 28 38
5 10 18 28 38
5 11 18 28 38
5 12 18 28 38
5 13 18 28 38
5 14 18 28 38
5 15 18 28 38
5 16 18 28 38
5 17 18 28 38
5 18 19 28 38
5 18 20 28 38
5 18 21 28 38
5 18 22 28 38
5 18 23 28 38
5 18 24 28 38
5 18 25 28 38
5 18 26 28 38
5 18 27 28 38
5 18 28 29 38
5 18 28 30 38
5 18 28 31 38
5 18 28 32 38
5 18 28 33 38
5 18 28 34 38
5 18 28 35 38
5 18 28 36 38
5 18 28 37 38
5 18 28 38 39
5 18 28 38 40
5 18 28 38 41
5 18 28 38 42
5 18 28 38 43
5 18 28 38 44
5 18 28 38 45
6 7 8 18 28
6 7 8 18 38
6 7 8 28 38
6 7 18 28 38
6 8 9 18 28
6 8 9 18 38
6 8 9 28 38
6 8 10 18 28
6 8 10 18 38
6 8 10 28 38
6 8 11 18 28
6 8 11 18 38
6 8 11 28 38
6 8 12 18 28
6 8 12 18 38
6 8 12 28 38
6 8 13 18 28
6 8 13 18 38
6 8 13 28 38
6 8 14 18 28
6 8 14 18 38
6 8 14 28 38
6 8 15 18 28
6 8 15 18 38
6 8 15 28 38
6 8 16 18 28
6 8 16 18 38
6 8 16 28 38
6 8 17 18 28
6 8 17 18 38
6 8 17 28 38
6 8 18 19 28
6 8 18 19 38
6 8 18 20 28
6 8 18 20 38
6 8 18 21 28
6 8 18 21 38
6 8 18 22 28
6 8 18 22 38
6 8 18 23 28
6 8 18 23 38
6 8 18 24 28
6 8 18 24 38
6 8 18 25 28
6 8 18 25 38
6 8 18 26 28
6 8 18 26 38
6 8 18 27 28
6 8 18 27 38
6 8 18 28 29
6 8 18 28 30
6 8 18 28 31
6 8 18 28 32
6 8 18 28 33
6 8 18 28 34
6 8 18 28 35
6 8 18 28 36
6 8 18 28 37
6 8 18 28 38
6 8 18 28 39
6 8 18 28 40
6 8 18 28 41
6 8 18 28 42
6 8 18 28 43
6 8 18 28 44
6 8 18 28 45
6 8 18 29 38
6 8 18 30 38
6 8 18 31 38
6 8 18 32 38
6 8 18 33 38
6 8 18 34 38
6 8 18 35 38
6 8 18 36 38
6 8 18 37 38
6 8 18 38 39
6 8 18 38 40
6 8 18 38 41
6 8 18 38 42
6 8 18 38 43
6 8 18 38 44
6 8 18 38 45
6 8 19 28 38
6 8 20 28 38
6 8 21 28 38
6 8 22 28 38
6 8 23 28 38
6 8 24 28 38
6 8 25 28 38
6 8 26 28 38
6 8 27 28 38
6 8 28 29 38
6 8 28 30 38
6 8 28 31 38
6 8 28 32 38
6 8 28 33 38
6 8 28 34 38
6 8 28 35 38
6 8 28 36 38
6 8 28 37 38
6 8 28 38 39
6 8 28 38 40
6 8 28 38 41
6 8 28 38 42
6 8 28 38 43
6 8 28 38 44
6 8 28 38 45
6 9 18 28 38
6 10 18 28 38
6 11 18 28 38
6 12 18 28 38
6 13 18 28 38
6 14 18 28 38
6 15 18 28 38
6 16 18 28 38
6 17 18 28 38
6 18 19 28 38
6 18 20 28 38
6 18 21 28 38
6 18 22 28 38
6 18 23 28 38
6 18 24 28 38
6 18 25 28 38
6 18 26 28 38
6 18 27 28 38
6 18 28 29 38
6 18 28 30 38
6 18 28 31 38
6 18 28 32 38
6 18 28 33 38
6 18 28 34 38
6 18 28 35 38
6 18 28 36 38
6 18 28 37 38
6 18 28 38 39
6 18 28 38 40
6 18 28 38 41
6 18 28 38 42
6 18 28 38 43
6 18 28 38 44
6 18 28 38 45
7 8 9 18 28
7 8 9 18 38
7 8 9 28 38
7 8 10 18 28
7 8 10 18 38
7 8 10 28 38
7 8 11 18 28
7 8 11 18 38
7 8 11 28 38
7 8 12 18 28
7 8 12 18 38
7 8 12 28 38
7 8 13 18 28
7 8 13 18 38
7 8 13 28 38
7 8 14 18 28
7 8 14 18 38
7 8 14 28 38
7 8 15 18 28
7 8 15 18 38
7 8 15 28 38
7 8 16 18 28
7 8 16 18 38
7 8 16 28 38
7 8 17 18 28
7 8 17 18 38
7 8 17 28 38
7 8 18 19 28
7 8 18 19 38
7 8 18 20 28
7 8 18 20 38
7 8 18 21 28
7 8 18 21 38
7 8 18 22 28
7 8 18 22 38
7 8 18 23 28
7 8 18 23 38
7 8 18 24 28
7 8 18 24 38
7 8 18 25 28
7 8 18 25 38
7 8 18 26 28
7 8 18 26 38
7 8 18 27 28
7 8 18 27 38
7 8 18 28 29
7 8 18 28 30
7 8 18 28 31
7 8 18 28 32
7 8 18 28 33
7 8 18 28 34
7 8 18 28 35
7 8 18 28 36
7 8 18 28 37
7 8 18 28 38
7 8 18 28 39
7 8 18 28 40
7 8 18 28 41
7 8 18 28 42
7 8 18 28 43
7 8 18 28 44
7 8 18 28 45
7 8 18 29 38
7 8 18 30 38
7 8 18 31 38
7 8 18 32 38
7 8 18 33 38
7 8 18 34 38
7 8 18 35 38
7 8 18 36 38
7 8 18 37 38
7 8 18 38 39
7 8 18 38 40
7 8 18 38 41
7 8 18 38 42
7 8 18 38 43
7 8 18 38 44
7 8 18 38 45
7 8 19 28 38
7 8 20 28 38
7 8 21 28 38
7 8 22 28 38
7 8 23 28 38
7 8 24 28 38
7 8 25 28 38
7 8 26 28 38
7 8 27 28 38
7 8 28 29 38
7 8 28 30 38
7 8 28 31 38
7 8 28 32 38
7 8 28 33 38
7 8 28 34 38
7 8 28 35 38
7 8 28 36 38
7 8 28 37 38
7 8 28 38 39
7 8 28 38 40
7 8 28 38 41
7 8 28 38 42
7 8 28 38 43
7 8 28 38 44
7 8 28 38 45
7 9 18 28 38
7 10 18 28 38
7 11 18 28 38
7 12 18 28 38
7 13 18 28 38
7 14 18 28 38
7 15 18 28 38
7 16 18 28 38
7 17 18 28 38
7 18 19 28 38
7 18 20 28 38
7 18 21 28 38
7 18 22 28 38
7 18 23 28 38
7 18 24 28 38
7 18 25 28 38
7 18 26 28 38
7 18 27 28 38
7 18 28 29 38
7 18 28 30 38
7 18 28 31 38
7 18 28 32 38
7 18 28 33 38
7 18 28 34 38
7 18 28 35 38
7 18 28 36 38
7 18 28 37 38
7 18 28 38 39
7 18 28 38 40
7 18 28 38 41
7 18 28 38 42
7 18 28 38 43
7 18 28 38 44
7 18 28 38 45
8 9 10 18 28
8 9 10 18 38
8 9 10 28 38
8 9 11 18 28
8 9 11 18 38
8 9 11 28 38
8 9 12 18 28
8 9 12 18 38
8 9 12 28 38
8 9 13 18 28
8 9 13 18 38
8 9 13 28 38
8 9 14 18 28
8 9 14 18 38
8 9 14 28 38
8 9 15 18 28
8 9 15 18 38
8 9 15 28 38
8 9 16 18 28
8 9 16 18 38
8 9 16 28 38
8 9 17 18 28
8 9 17 18 38
8 9 17 28 38
8 9 18 19 28
8 9 18 19 38
8 9 18 20 28
8 9 18 20 38
8 9 18 21 28
8 9 18 21 38
8 9 18 22 28
8 9 18 22 38
8 9 18 23 28
8 9 18 23 38
8 9 18 24 28
8 9 18 24 38
8 9 18 25 28
8 9 18 25 38
8 9 18 26 28
8 9 18 26 38
8 9 18 27 28
8 9 18 27 38
8 9 18 28 29
8 9 18 28 30
8 9 18 28 31
8 9 18 28 32
8 9 18 28 33
8 9 18 28 34
8 9 18 28 35
8 9 18 28 36
8 9 18 28 37
8 9 18 28 38
8 9 18 28 39
8 9 18 28 40
8 9 18 28 41
8 9 18 28 42
8 9 18 28 43
8 9 18 28 44
8 9 18 28 45
8 9 18 29 38
8 9 18 30 38
8 9 18 31 38
8 9 18 32 38
8 9 18 33 38
8 9 18 34 38
8 9 18 35 38
8 9 18 36 38
8 9 18 37 38
8 9 18 38 39
8 9 18 38 40
8 9 18 38 41
8 9 18 38 42
8 9 18 38 43
8 9 18 38 44
8 9 18 38 45
8 9 19 28 38
8 9 20 28 38
8 9 21 28 38
8 9 22 28 38
8 9 23 28 38
8 9 24 28 38
8 9 25 28 38
8 9 26 28 38
8 9 27 28 38
8 9 28 29 38
8 9 28 30 38
8 9 28 31 38
8 9 28 32 38
8 9 28 33 38
8 9 28 34 38
8 9 28 35 38
8 9 28 36 38
8 9 28 37 38
8 9 28 38 39
8 9 28 38 40
8 9 28 38 41
8 9 28 38 42
8 9 28 38 43
8 9 28 38 44
8 9 28 38 45
8 10 11 18 28
8 10 11 18 38
8 10 11 28 38
8 10 12 18 28
8 10 12 18 38
8 10 12 28 38
8 10 13 18 28
8 10 13 18 38
8 10 13 28 38
8 10 14 18 28
8 10 14 18 38
8 10 14 28 38
8 10 15 18 28
8 10 15 18 38
8 10 15 28 38
8 10 16 18 28
8 10 16 18 38
8 10 16 28 38
8 10 17 18 28
8 10 17 18 38
8 10 17 28 38
8 10 18 19 28
8 10 18 19 38
8 10 18 20 28
8 10 18 20 38
8 10 18 21 28
8 10 18 21 38
8 10 18 22 28
8 10 18 22 38
8 10 18 23 28
8 10 18 23 38
8 10 18 24 28
8 10 18 24 38
8 10 18 25 28
8 10 18 25 38
8 10 18 26 28
8 10 18 26 38
8 10 18 27 28
8 10 18 27 38
8 10 18 28 29
8 10 18 28 30
8 10 18 28 31
8 10 18 28 32
8 10 18 28 33
8 10 18 28 34
8 10 18 28 35
8 10 18 28 36
8 10 18 28 37
8 10 18 28 38
8 10 18 28 39
8 10 18 28 40
8 10 18 28 41
8 10 18 28 42
8 10 18 28 43
8 10 18 28 44
8 10 18 28 45
8 10 18 29 38
8 10 18 30 38
8 10 18 31 38
8 10 18 32 38
8 10 18 33 38
8 10 18 34 38
8 10 18 35 38
8 10 18 36 38
8 10 18 37 38
8 10 18 38 39
8 10 18 38 40
8 10 18 38 41
8 10 18 38 42
8 10 18 38 43
8 10 18 38 44
8 10 18 38 45
8 10 19 28 38
8 10 20 28 38
8 10 21 28 38
8 10 22 28 38
8 10 23 28 38
8 10 24 28 38
8 10 25 28 38
8 10 26 28 38
8 10 27 28 38
8 10 28 29 38
8 10 28 30 38
8 10 28 31 38
8 10 28 32 38
8 10 28 33 38
8 10 28 34 38
8 10 28 35 38
8 10 28 36 38
8 10 28 37 38
8 10 28 38 39
8 10 28 38 40
8 10 28 38 41
8 10 28 38 42
8 10 28 38 43
8 10 28 38 44
8 10 28 38 45
8 11 12 18 28
8 11 12 18 38
8 11 12 28 38
8 11 13 18 28
8 11 13 18 38
8 11 13 28 38
8 11 14 18 28
8 11 14 18 38
8 11 14 28 38
8 11 15 18 28
8 11 15 18 38
8 11 15 28 38
8 11 16 18 28
8 11 16 18 38
8 11 16 28 38
8 11 17 18 28
8 11 17 18 38
8 11 17 28 38
8 11 18 19 28
8 11 18 19 38
8 11 18 20 28
8 11 18 20 38
8 11 18 21 28
8 11 18 21 38
8 11 18 22 28
8 11 18 22 38
8 11 18 23 28
8 11 18 23 38
8 11 18 24 28
8 11 18 24 38
8 11 18 25 28
8 11 18 25 38
8 11 18 26 28
8 11 18 26 38
8 11 18 27 28
8 11 18 27 38
8 11 18 28 29
8 11 18 28 30
8 11 18 28 31
8 11 18 28 32
8 11 18 28 33
8 11 18 28 34
8 11 18 28 35
8 11 18 28 36
8 11 18 28 37
8 11 18 28 38
8 11 18 28 39
8 11 18 28 40
8 11 18 28 41
8 11 18 28 42
8 11 18 28 43
8 11 18 28 44
8 11 18 28 45
8 11 18 29 38
8 11 18 30 38
8 11 18 31 38
8 11 18 32 38
8 11 18 33 38
8 11 18 34 38
8 11 18 35 38
8 11 18 36 38
8 11 18 37 38
8 11 18 38 39
8 11 18 38 40
8 11 18 38 41
8 11 18 38 42
8 11 18 38 43
8 11 18 38 44
8 11 18 38 45
8 11 19 28 38
8 11 20 28 38
8 11 21 28 38
8 11 22 28 38
8 11 23 28 38
8 11 24 28 38
8 11 25 28 38
8 11 26 28 38
8 11 27 28 38
8 11 28 29 38
8 11 28 30 38
8 11 28 31 38
8 11 28 32 38
8 11 28 33 38
8 11 28 34 38
8 11 28 35 38
8 11 28 36 38
8 11 28 37 38
8 11 28 38 39
8 11 28 38 40
8 11 28 38 41
8 11 28 38 42
8 11 28 38 43
8 11 28 38 44
8 11 28 38 45
8 12 13 18 28
8 12 13 18 38
8 12 13 28 38
8 12 14 18 28
8 12 14 18 38
8 12 14 28 38
8 12 15 18 28
8 12 15 18 38
8 12 15 28 38
8 12 16 18 28
8 12 16 18 38
8 12 16 28 38
8 12 17 18 28
8 12 17 18 38
8 12 17 28 38
8 12 18 19 28
8 12 18 19 38
8 12 18 20 28
8 12 18 20 38
8 12 18 21 28
8 12 18 21 38
8 12 18 22 28
8 12 18 22 38
8 12 18 23 28
8 12 18 23 38
8 12 18 24 28
8 12 18 24 38
8 12 18 25 28
8 12 18 25 38
8 12 18 26 28
8 12 18 26 38
8 12 18 27 28
8 12 18 27 38
8 12 18 28 29
8 12 18 28 30
8 12 18 28 31
8 12 18 28 32
8 12 18 28 33
8 12 18 28 34
8 12 18 28 35
8 12 18 28 36
8 12 18 28 37
8 12 18 28 38
8 12 18 28 39
8 12 18 28 40
8 12 18 28 41
8 12 18 28 42
8 12 18 28 43
8 12 18 28 44
8 12 18 28 45
8 12 18 29 38
8 12 18 30 38
8 12 18 31 38
8 12 18 32 38
8 12 18 33 38
8 12 18 34 38
8 12 18 35 38
8 12 18 36 38
8 12 18 37 38
8 12 18 38 39
8 12 18 38 40
8 12 18 38 41
8 12 18 38 42
8 12 18 38 43
8 12 18 38 44
8 12 18 38 45
8 12 19 28 38
8 12 20 28 38
8 12 21 28 38
8 12 22 28 38
8 12 23 28 38
8 12 24 28 38
8 12 25 28 38
8 12 26 28 38
8 12 27 28 38
8 12 28 29 38
8 12 28 30 38
8 12 28 31 38
8 12 28 32 38
8 12 28 33 38
8 12 28 34 38
8 12 28 35 38
8 12 28 36 38
8 12 28 37 38
8 12 28 38 39
8 12 28 38 40
8 12 28 38 41
8 12 28 38 42
8 12 28 38 43
8 12 28 38 44
8 12 28 38 45
8 13 14 18 28
8 13 14 18 38
8 13 14 28 38
8 13 15 18 28
8 13 15 18 38
8 13 15 28 38
8 13 16 18 28
8 13 16 18 38
8 13 16 28 38
8 13 17 18 28
8 13 17 18 38
8 13 17 28 38
8 13 18 19 28
8 13 18 19 38
8 13 18 20 28
8 13 18 20 38
8 13 18 21 28
8 13 18 21 38
8 13 18 22 28
8 13 18 22 38
8 13 18 23 28
8 13 18 23 38
8 13 18 24 28
8 13 18 24 38
8 13 18 25 28
8 13 18 25 38
8 13 18 26 28
8 13 18 26 38
8 13 18 27 28
8 13 18 27 38
8 13 18 28 29
8 13 18 28 30
8 13 18 28 31
8 13 18 28 32
8 13 18 28 33
8 13 18 28 34
8 13 18 28 35
8 13 18 28 36
8 13 18 28 37
8 13 18 28 38
8 13 18 28 39
8 13 18 28 40
8 13 18 28 41
8 13 18 28 42
8 13 18 28 43
8 13 18 28 44
8 13 18 28 45
8 13 18 29 38
8 13 18 30 38
8 13 18 31 38
8 13 18 32 38
8 13 18 33 38
8 13 18 34 38
8 13 18 35 38
8 13 18 36 38
8 13 18 37 38
8 13 18 38 39
8 13 18 38 40
8 13 18 38 41
8 13 18 38 42
8 13 18 38 43
8 13 18 38 44
8 13 18 38 45
8 13 19 28 38
8 13 20 28 38
8 13 21 28 38
8 13 22 28 38
8 13 23 28 38
8 13 24 28 38
8 13 25 28 38
8 13 26 28 38
8 13 27 28 38
8 13 28 29 38
8 13 28 30 38
8 13 28 31 38
8 13 28 32 38
8 13 28 33 38
8 13 28 34 38
8 13 28 35 38
8 13 28 36 38
8 13 28 37 38
8 13 28 38 39
8 13 28 38 40
8 13 28 38 41
8 13 28 38 42
8 13 28 38 43
8 13 28 38 44
8 13 28 38 45
8 14 15 18 28
8 14 15 18 38
8 14 15 28 38
8 14 16 18 28
8 14 16 18 38
8 14 16 28 38
8 14 17 18 28
8 14 17 18 38
8 14 17 28 38
8 14 18 19 28
8 14 18 19 38
8 14 18 20 28
8 14 18 20 38
8 14 18 21 28
8 14 18 21 38
8 14 18 22 28
8 14 18 22 38
8 14 18 23 28
8 14 18 23 38
8 14 18 24 28
8 14 18 24 38
8 14 18 25 28
8 14 18 25 38
8 14 18 26 28
8 14 18 26 38
8 14 18 27 28
8 14 18 27 38
8 14 18 28 29
8 14 18 28 30
8 14 18 28 31
8 14 18 28 32
8 14 18 28 33
8 14 18 28 34
8 14 18 28 35
8 14 18 28 36
8 14 18 28 37
8 14 18 28 38
8 14 18 28 39
8 14 18 28 40
8 14 18 28 41
8 14 18 28 42
8 14 18 28 43
8 14 18 28 44
8 14 18 28 45
8 14 18 29 38
8 14 18 30 38
8 14 18 31 38
8 14 18 32 38
8 14 18 33 38
8 14 18 34 38
8 14 18 35 38
8 14 18 36 38
8 14 18 37 38
8 14 18 38 39
8 14 18 38 40
8 14 18 38 41
8 14 18 38 42
8 14 18 38 43
8 14 18 38 44
8 14 18 38 45
8 14 19 28 38
8 14 20 28 38
8 14 21 28 38
8 14 22 28 38
8 14 23 28 38
8 14 24 28 38
8 14 25 28 38
8 14 26 28 38
8 14 27 28 38
8 14 28 29 38
8 14 28 30 38
8 14 28 31 38
8 14 28 32 38
8 14 28 33 38
8 14 28 34 38
8 14 28 35 38
8 14 28 36 38
8 14 28 37 38
8 14 28 38 39
8 14 28 38 40
8 14 28 38 41
8 14 28 38 42
8 14 28 38 43
8 14 28 38 44
8 14 28 38 45
8 15 16 18 28
8 15 16 18 38
8 15 16 28 38
8 15 17 18 28
8 15 17 18 38
8 15 17 28 38
8 15 18 19 28
8 15 18 19 38
8 15 18 20 28
8 15 18 20 38
8 15 18 21 28
8 15 18 21 38
8 15 18 22 28
8 15 18 22 38
8 15 18 23 28
8 15 18 23 38
8 15 18 24 28
8 15 18 24 38
8 15 18 25 28
8 15 18 25 38
8 15 18 26 28
8 15 18 26 38
8 15 18 27 28
8 15 18 27 38
8 15 18 28 29
8 15 18 28 30
8 15 18 28 31
8 15 18 28 32
8 15 18 28 33
8 15 18 28 34
8 15 18 28 35
8 15 18 28 36
8 15 18 28 37
8 15 18 28 38
8 15 18 28 39
8 15 18 28 40
8 15 18 28 41
8 15 18 28 42
8 15 18 28 43
8 15 18 28 44
8 15 18 28 45
8 15 18 29 38
8 15 18 30 38
8 15 18 31 38
8 15 18 32 38
8 15 18 33 38
8 15 18 34 38
8 15 18 35 38
8 15 18 36 38
8 15 18 37 38
8 15 18 38 39
8 15 18 38 40
8 15 18 38 41
8 15 18 38 42
8 15 18 38 43
8 15 18 38 44
8 15 18 38 45
8 15 19 28 38
8 15 20 28 38
8 15 21 28 38
8 15 22 28 38
8 15 23 28 38
8 15 24 28 38
8 15 25 28 38
8 15 26 28 38
8 15 27 28 38
8 15 28 29 38
8 15 28 30 38
8 15 28 31 38
8 15 28 32 38
8 15 28 33 38
8 15 28 34 38
8 15 28 35 38
8 15 28 36 38
8 15 28 37 38
8 15 28 38 39
8 15 28 38 40
8 15 28 38 41
8 15 28 38 42
8 15 28 38 43
8 15 28 38 44
8 15 28 38 45
8 16 17 18 28
8 16 17 18 38
8 16 17 28 38
8 16 18 19 28
8 16 18 19 38
8 16 18 20 28
8 16 18 20 38
8 16 18 21 28
8 16 18 21 38
8 16 18 22 28
8 16 18 22 38
8 16 18 23 28
8 16 18 23 38
8 16 18 24 28
8 16 18 24 38
8 16 18 25 28
8 16 18 25 38
8 16 18 26 28
8 16 18 26 38
8 16 18 27 28
8 16 18 27 38
8 16 18 28 29
8 16 18 28 30
8 16 18 28 31
8 16 18 28 32
8 16 18 28 33
8 16 18 28 34
8 16 18 28 35
8 16 18 28 36
8 16 18 28 37
8 16 18 28 38
8 16 18 28 39
8 16 18 28 40
8 16 18 28 41
8 16 18 28 42
8 16 18 28 43
8 16 18 28 44
8 16 18 28 45
8 16 18 29 38
8 16 18 30 38
8 16 18 31 38
8 16 18 32 38
8 16 18 33 38
8 16 18 34 38
8 16 18 35 38
8 16 18 36 38
8 16 18 37 38
8 16 18 38 39
8 16 18 38 40
8 16 18 38 41
8 16 18 38 42
8 16 18 38 43
8 16 18 38 44
8 16 18 38 45
8 16 19 28 38
8 16 20 28 38
8 16 21 28 38
8 16 22 28 38
8 16 23 28 38
8 16 24 28 38
8 16 25 28 38
8 16 26 28 38
8 16 27 28 38
8 16 28 29 38
8 16 28 30 38
8 16 28 31 38
8 16 28 32 38
8 16 28 33 38
8 16 28 34 38
8 16 28 35 38
8 16 28 36 38
8 16 28 37 38
8 16 28 38 39
8 16 28 38 40
8 16 28 38 41
8 16 28 38 42
8 16 28 38 43
8 16 28 38 44
8 16 28 38 45
8 17 18 19 28
8 17 18 19 38
8 17 18 20 28
8 17 18 20 38
8 17 18 21 28
8 17 18 21 38
8 17 18 22 28
8 17 18 22 38
8 17 18 23 28
8 17 18 23 38
8 17 18 24 28
8 17 18 24 38
8 17 18 25 28
8 17 18 25 38
8 17 18 26 28
8 17 18 26 38
8 17 18 27 28
8 17 18 27 38
8 17 18 28 29
8 17 18 28 30
8 17 18 28 31
8 17 18 28 32
8 17 18 28 33
8 17 18 28 34
8 17 18 28 35
8 17 18 28 36
8 17 18 28 37
8 17 18 28 38
8 17 18 28 39
8 17 18 28 40
8 17 18 28 41
8 17 18 28 42
8 17 18 28 43
8 17 18 28 44
8 17 18 28 45
8 17 18 29 38
8 17 18 30 38
8 17 18 31 38
8 17 18 32 38
8 17 18 33 38
8 17 18 34 38
8 17 18 35 38
8 17 18 36 38
8 17 18 37 38
8 17 18 38 39
8 17 18 38 40
8 17 18 38 41
8 17 18 38 42
8 17 18 38 43
8 17 18 38 44
8 17 18 38 45
8 17 19 28 38
8 17 20 28 38
8 17 21 28 38
8 17 22 28 38
8 17 23 28 38
8 17 24 28 38
8 17 25 28 38
8 17 26 28 38
8 17 27 28 38
8 17 28 29 38
8 17 28 30 38
8 17 28 31 38
8 17 28 32 38
8 17 28 33 38
8 17 28 34 38
8 17 28 35 38
8 17 28 36 38
8 17 28 37 38
8 17 28 38 39
8 17 28 38 40
8 17 28 38 41
8 17 28 38 42
8 17 28 38 43
8 17 28 38 44
8 17 28 38 45
8 18 19 20 28
8 18 19 20 38
8 18 19 21 28
8 18 19 21 38
8 18 19 22 28
8 18 19 22 38
8 18 19 23 28
8 18 19 23 38
8 18 19 24 28
8 18 19 24 38
8 18 19 25 28
8 18 19 25 38
8 18 19 26 28
8 18 19 26 38
8 18 19 27 28
8 18 19 27 38
8 18 19 28 29
8 18 19 28 30
8 18 19 28 31
8 18 19 28 32
8 18 19 28 33
8 18 19 28 34
8 18 19 28 35
8 18 19 28 36
8 18 19 28 37
8 18 19 28 38
8 18 19 28 39
8 18 19 28 40
8 18 19 28 41
8 18 19 28 42
8 18 19 28 43
8 18 19 28 44
8 18 19 28 45
8 18 19 29 38
8 18 19 30 38
8 18 19 31 38
8 18 19 32 38
8 18 19 33 38
8 18 19 34 38
8 18 19 35 38
8 18 19 36 38
8 18 19 37 38
8 18 19 38 39
8 18 19 38 40
8 18 19 38 41
8 18 19 38 42
8 18 19 38 43
8 18 19 38 44
8 18 19 38 45
8 18 20 21 28
8 18 20 21 38
8 18 20 22 28
8 18 20 22 38
8 18 20 23 28
8 18 20 23 38
8 18 20 24 28
8 18 20 24 38
8 18 20 25 28
8 18 20 25 38
8 18 20 26 28
8 18 20 26 38
8 18 20 27 28
8 18 20 27 38
8 18 20 28 29
8 18 20 28 30
8 18 20 28 31
8 18 20 28 32
8 18 20 28 33
8 18 20 28 34
8 18 20 28 35
8 18 20 28 36
8 18 20 28 37
8 18 20 28 38
8 18 20 28 39
8 18 20 28 40
8 18 20 28 41
8 18 20 28 42
8 18 20 28 43
8 18 20 28 44
8 18 20 28 45
8 18 20 29 38
8 18 20 30 38
8 18 20 31 38
8 18 20 32 38
8 18 20 33 38
8 18 20 34 38
8 18 20 35 38
8 18 20 36 38
8 18 20 37 38
8 18 20 38 39
8 18 20 38 40
8 18 20 38 41
8 18 20 38 42
8 18 20 38 43
8 18 20 38 44
8 18 20 38 45
8 18 21 22 28
8 18 21 22 38
8 18 21 23 28
8 18 21 23 38
8 18 21 24 28
8 18 21 24 38
8 18 21 25 28
8 18 21 25 38
8 18 21 26 28
8 18 21 26 38
8 18 21 27 28
8 18 21 27 38
8 18 21 28 29
8 18 21 28 30
8 18 21 28 31
8 18 21 28 32
8 18 21 28 33
8 18 21 28 34
8 18 21 28 35
8 18 21 28 36
8 18 21 28 37
8 18 21 28 38
8 18 21 28 39
8 18 21 28 40
8 18 21 28 41
8 18 21 28 42
8 18 21 28 43
8 18 21 28 44
8 18 21 28 45
8 18 21 29 38
8 18 21 30 38
8 18 21 31 38
8 18 21 32 38
8 18 21 33 38
8 18 21 34 38
8 18 21 35 38
8 18 21 36 38
8 18 21 37 38
8 18 21 38 39
8 18 21 38 40
8 18 21 38 41
8 18 21 38 42
8 18 21 38 43
8 18 21 38 44
8 18 21 38 45
8 18 22 23 28
8 18 22 23 38
8 18 22 24 28
8 18 22 24 38
8 18 22 25 28
8 18 22 25 38
8 18 22 26 28
8 18 22 26 38
8 18 22 27 28
8 18 22 27 38
8 18 22 28 29
8 18 22 28 30
8 18 22 28 31
8 18 22 28 32
8 18 22 28 33
8 18 22 28 34
8 18 22 28 35
8 18 22 28 36
8 18 22 28 37
8 18 22 28 38
8 18 22 28 39
8 18 22 28 40
8 18 22 28 41
8 18 22 28 42
8 18 22 28 43
8 18 22 28 44
8 18 22 28 45
8 18 22 29 38
8 18 22 30 38
8 18 22 31 38
8 18 22 32 38
8 18 22 33 38
8 18 22 34 38
8 18 22 35 38
8 18 22 36 38
8 18 22 37 38
8 18 22 38 39
8 18 22 38 40
8 18 22 38 41
8 18 22 38 42
8 18 22 38 43
8 18 22 38 44
8 18 22 38 45
8 18 23 24 28
8 18 23 24 38
8 18 23 25 28
8 18 23 25 38
8 18 23 26 28
8 18 23 26 38
8 18 23 27 28
8 18 23 27 38
8 18 23 28 29
8 18 23 28 30
8 18 23 28 31
8 18 23 28 32
8 18 23 28 33
8 18 23 28 34
8 18 23 28 35
8 18 23 28 36
8 18 23 28 37
8 18 23 28 38
8 18 23 28 39
8 18 23 28 40
8 18 23 28 41
8 18 23 28 42
8 18 23 28 43
8 18 23 28 44
8 18 23 28 45
8 18 23 29 38
8 18 23 30 38
8 18 23 31 38
8 18 23 32 38
8 18 23 33 38
8 18 23 34 38
8 18 23 35 38
8 18 23 36 38
8 18 23 37 38
8 18 23 38 39
8 18 23 38 40
8 18 23 38 41
8 18 23 38 42
8 18 23 38 43
8 18 23 38 44
8 18 23 38 45
8 18 24 25 28
8 18 24 25 38
8 18 24 26 28
8 18 24 26 38
8 18 24 27 28
8 18 24 27 38
8 18 24 28 29
8 18 24 28 30
8 18 24 28 31
8 18 24 28 32
8 18 24 28 33
8 18 24 28 34
8 18 24 28 35
8 18 24 28 36
8 18 24 28 37
8 18 24 28 38
8 18 24 28 39
8 18 24 28 40
8 18 24 28 41
8 18 24 28 42
8 18 24 28 43
8 18 24 28 44
8 18 24 28 45
8 18 24 29 38
8 18 24 30 38
8 18 24 31 38
8 18 24 32 38
8 18 24 33 38
8 18 24 34 38
8 18 24 35 38
8 18 24 36 38
8 18 24 37 38
8 18 24 38 39
8 18 24 38 40
8 18 24 38 41
8 18 24 38 42
8 18 24 38 43
8 18 24 38 44
8 18 24 38 45
8 18 25 26 28
8 18 25 26 38
8 18 25 27 28
8 18 25 27 38
8 18 25 28 29
8 18 25 28 30
8 18 25 28 31
8 18 25 28 32
8 18 25 28 33
8 18 25 28 34
8 18 25 28 35
8 18 25 28 36
8 18 25 28 37
8 18 25 28 38
8 18 25 28 39
8 18 25 28 40
8 18 25 28 41
8 18 25 28 42
8 18 25 28 43
8 18 25 28 44
8 18 25 28 45
8 18 25 29 38
8 18 25 30 38
8 18 25 31 38
8 18 25 32 38
8 18 25 33 38
8 18 25 34 38
8 18 25 35 38
8 18 25 36 38
8 18 25 37 38
8 18 25 38 39
8 18 25 38 40
8 18 25 38 41
8 18 25 38 42
8 18 25 38 43
8 18 25 38 44
8 18 25 38 45
8 18 26 27 28
8 18 26 27 38
8 18 26 28 29
8 18 26 28 30
8 18 26 28 31
8 18 26 28 32
8 18 26 28 33
8 18 26 28 34
8 18 26 28 35
8 18 26 28 36
8 18 26 28 37
8 18 26 28 38
8 18 26 28 39
8 18 26 28 40
8 18 26 28 41
8 18 26 28 42
8 18 26 28 43
8 18 26 28 44
8 18 26 28 45
8 18 26 29 38
8 18 26 30 38
8 18 26 31 38
8 18 26 32 38
8 18 26 33 38
8 18 26 34 38
8 18 26 35 38
8 18 26 36 38
8 18 26 37 38
8 18 26 38 39
8 18 26 38 40
8 18 26 38 41
8 18 26 38 42
8 18 26 38 43
8 18 26 38 44
8 18 26 38 45
8 18 27 28 29
8 18 27 28 30
8 18 27 28 31
8 18 27 28 32
8 18 27 28 33
8 18 27 28 34
8 18 27 28 35
8 18 27 28 36
8 18 27 28 37
8 18 27 28 38
8 18 27 28 39
8 18 27 28 40
8 18 27 28 41
8 18 27 28 42
8 18 27 28 43
8 18 27 28 44
8 18 27 28 45
8 18 27 29 38
8 18 27 30 38
8 18 27 31 38
8 18 27 32 38
8 18 27 33 38
8 18 27 34 38
8 18 27 35 38
8 18 27 36 38
8 18 27 37 38
8 18 27 38 39
8 18 27 38 40
8 18 27 38 41
8 18 27 38 42
8 18 27 38 43
8 18 27 38 44
8 18 27 38 45
8 18 28 29 30
8 18 28 29 31
8 18 28 29 32
8 18 28 29 33
8 18 28 29 34
8 18 28 29 35
8 18 28 29 36
8 18 28 29 37
8 18 28 29 38
8 18 28 29 39
8 18 28 29 40
8 18 28 29 41
8 18 28 29 42
8 18 28 29 43
8 18 28 29 44
8 18 28 29 45
8 18 28 30 31
8 18 28 30 32
8 18 28 30 33
8 18 28 30 34
8 18 28 30 35
8 18 28 30 36
8 18 28 30 37
8 18 28 30 38
8 18 28 30 39
8 18 28 30 40
8 18 28 30 41
8 18 28 30 42
8 18 28 30 43
8 18 28 30 44
8 18 28 30 45
8 18 28 31 32
8 18 28 31 33
8 18 28 31 34
8 18 28 31 35
8 18 28 31 36
8 18 28 31 37
8 18 28 31 38
8 18 28 31 39
8 18 28 31 40
8 18 28 31 41
8 18 28 31 42
8 18 28 31 43
8 18 28 31 44
8 18 28 31 45
8 18 28 32 33
8 18 28 32 34
8 18 28 32 35
8 18 28 32 36
8 18 28 32 37
8 18 28 32 38
8 18 28 32 39
8 18 28 32 40
8 18 28 32 41
8 18 28 32 42
8 18 28 32 43
8 18 28 32 44
8 18 28 32 45
8 18 28 33 34
8 18 28 33 35
8 18 28 33 36
8 18 28 33 37
8 18 28 33 38
8 18 28 33 39
8 18 28 33 40
8 18 28 33 41
8 18 28 33 42
8 18 28 33 43
8 18 28 33 44
8 18 28 33 45
8 18 28 34 35
8 18 28 34 36
8 18 28 34 37
8 18 28 34 38
8 18 28 34 39
8 18 28 34 40
8 18 28 34 41
8 18 28 34 42
8 18 28 34 43
8 18 28 34 44
8 18 28 34 45
8 18 28 35 36
8 18 28 35 37
8 18 28 35 38
8 18 28 35 39
8 18 28 35 40
8 18 28 35 41
8 18 28 35 42
8 18 28 35 43
8 18 28 35 44
8 18 28 35 45
8 18 28 36 37
8 18 28 36 38
8 18 28 36 39
8 18 28 36 40
8 18 28 36 41
8 18 28 36 42
8 18 28 36 43
8 18 28 36 44
8 18 28 36 45
8 18 28 37 38
8 18 28 37 39
8 18 28 37 40
8 18 28 37 41
8 18 28 37 42
8 18 28 37 43
8 18 28 37 44
8 18 28 37 45
8 18 28 38 39
8 18 28 38 40
8 18 28 38 41
8 18 28 38 42
8 18 28 38 43
8 18 28 38 44
8 18 28 38 45
8 18 28 39 40
8 18 28 39 41
8 18 28 39 42
8 18 28 39 43
8 18 28 39 44
8 18 28 39 45
8 18 28 40 41
8 18 28 40 42
8 18 28 40 43
8 18 28 40 44
8 18 28 40 45
8 18 28 41 42
8 18 28 41 43
8 18 28 41 44
8 18 28 41 45
8 18 28 42 43
8 18 28 42 44
8 18 28 42 45
8 18 28 43 44
8 18 28 43 45
8 18 28 44 45
8 18 29 30 38
8 18 29 31 38
8 18 29 32 38
8 18 29 33 38
8 18 29 34 38
8 18 29 35 38
8 18 29 36 38
8 18 29 37 38
8 18 29 38 39
8 18 29 38 40
8 18 29 38 41
8 18 29 38 42
8 18 29 38 43
8 18 29 38 44
8 18 29 38 45
8 18 30 31 38
8 18 30 32 38
8 18 30 33 38
8 18 30 34 38
8 18 30 35 38
8 18 30 36 38
8 18 30 37 38
8 18 30 38 39
8 18 30 38 40
8 18 30 38 41
8 18 30 38 42
8 18 30 38 43
8 18 30 38 44
8 18 30 38 45
8 18 31 32 38
8 18 31 33 38
8 18 31 34 38
8 18 31 35 38
8 18 31 36 38
8 18 31 37 38
8 18 31 38 39
8 18 31 38 40
8 18 31 38 41
8 18 31 38 42
8 18 31 38 43
8 18 31 38 44
8 18 31 38 45
8 18 32 33 38
8 18 32 34 38
8 18 32 35 38
8 18 32 36 38
8 18 32 37 38
8 18 32 38 39
8 18 32 38 40
8 18 32 38 41
8 18 32 38 42
8 18 32 38 43
8 18 32 38 44
8 18 32 38 45
8 18 33 34 38
8 18 33 35 38
8 18 33 36 38
8 18 33 37 38
8 18 33 38 39
8 18 33 38 40
8 18 33 38 41
8 18 33 38 42
8 18 33 38 43
8 18 33 38 44
8 18 33 38 45
8 18 34 35 38
8 18 34 36 38
8 18 34 37 38
8 18 34 38 39
8 18 34 38 40
8 18 34 38 41
8 18 34 38 42
8 18 34 38 43
8 18 34 38 44
8 18 34 38 45
8 18 35 36 38
8 18 35 37 38
8 18 35 38 39
8 18 35 38 40
8 18 35 38 41
8 18 35 38 42
8 18 35 38 43
8 18 35 38 44
8 18 35 38 45
8 18 36 37 38
8 18 36 38 39
8 18 36 38 40
8 18 36 38 41
8 18 36 38 42
8 18 36 38 43
8 18 36 38 44
8 18 36 38 45
8 18 37 38 39
8 18 37 38 40
8 18 37 38 41
8 18 37 38 42
8 18 37 38 43
8 18 37 38 44
8 18 37 38 45
8 18 38 39 40
8 18 38 39 41
8 18 38 39 42
8 18 38 39 43
8 18 38 39 44
8 18 38 39 45
8 18 38 40 41
8 18 38 40 42
8 18 38 40 43
8 18 38 40 44
8 18 38 40 45
8 18 38 41 42
8 18 38 41 43
8 18 38 41 44
8 18 38 41 45
8 18 38 42 43
8 18 38 42 44
8 18 38 42 45
8 18 38 43 44
8 18 38 43 45
8 18 38 44 45
8 19 20 28 38
8 19 21 28 38
8 19 22 28 38
8 19 23 28 38
8 19 24 28 38
8 19 25 28 38
8 19 26 28 38
8 19 27 28 38
8 19 28 29 38
8 19 28 30 38
8 19 28 31 38
8 19 28 32 38
8 19 28 33 38
8 19 28 34 38
8 19 28 35 38
8 19 28 36 38
8 19 28 37 38
8 19 28 38 39
8 19 28 38 40
8 19 28 38 41
8 19 28 38 42
8 19 28 38 43
8 19 28 38 44
8 19 28 38 45
8 20 21 28 38
8 20 22 28 38
8 20 23 28 38
8 20 24 28 38
8 20 25 28 38
8 20 26 28 38
8 20 27 28 38
8 20 28 29 38
8 20 28 30 38
8 20 28 31 38
8 20 28 32 38
8 20 28 33 38
8 20 28 34 38
8 20 28 35 38
8 20 28 36 38
8 20 28 37 38
8 20 28 38 39
8 20 28 38 40
8 20 28 38 41
8 20 28 38 42
8 20 28 38 43
8 20 28 38 44
8 20 28 38 45
8 21 22 28 38
8 21 23 28 38
8 21 24 28 38
8 21 25 28 38
8 21 26 28 38
8 21 27 28 38
8 21 28 29 38
8 21 28 30 38
8 21 28 31 38
8 21 28 32 38
8 21 28 33 38
8 21 28 34 38
8 21 28 35 38
8 21 28 36 38
8 21 28 37 38
8 21 28 38 39
8 21 28 38 40
8 21 28 38 41
8 21 28 38 42
8 21 28 38 43
8 21 28 38 44
8 21 28 38 45
8 22 23 28 38
8 22 24 28 38
8 22 25 28 38
8 22 26 28 38
8 22 27 28 38
8 22 28 29 38
8 22 28 30 38
8 22 28 31 38
8 22 28 32 38
8 22 28 33 38
8 22 28 34 38
8 22 28 35 38
8 22 28 36 38
8 22 28 37 38
8 22 28 38 39
8 22 28 38 40
8 22 28 38 41
8 22 28 38 42
8 22 28 38 43
8 22 28 38 44
8 22 28 38 45
8 23 24 28 38
8 23 25 28 38
8 23 26 28 38
8 23 27 28 38
8 23 28 29 38
8 23 28 30 38
8 23 28 31 38
8 23 28 32 38
8 23 28 33 38
8 23 28 34 38
8 23 28 35 38
8 23 28 36 38
8 23 28 37 38
8 23 28 38 39
8 23 28 38 40
8 23 28 38 41
8 23 28 38 42
8 23 28 38 43
8 23 28 38 44
8 23 28 38 45
8 24 25 28 38
8 24 26 28 38
8 24 27 28 38
8 24 28 29 38
8 24 28 30 38
8 24 28 31 38
8 24 28 32 38
8 24 28 33 38
8 24 28 34 38
8 24 28 35 38
8 24 28 36 38
8 24 28 37 38
8 24 28 38 39
8 24 28 38 40
8 24 28 38 41
8 24 28 38 42
8 24 28 38 43
8 24 28 38 44
8 24 28 38 45
8 25 26 28 38
8 25 27 28 38
8 25 28 29 38
8 25 28 30 38
8 25 28 31 38
8 25 28 32 38
8 25 28 33 38
8 25 28 34 38
8 25 28 35 38
8 25 28 36 38
8 25 28 37 38
8 25 28 38 39
8 25 28 38 40
8 25 28 38 41
8 25 28 38 42
8 25 28 38 43
8 25 28 38 44
8 25 28 38 45
8 26 27 28 38
8 26 28 29 38
8 26 28 30 38
8 26 28 31 38
8 26 28 32 38
8 26 28 33 38
8 26 28 34 38
8 26 28 35 38
8 26 28 36 38
8 26 28 37 38
8 26 28 38 39
8 26 28 38 40
8 26 28 38 41
8 26 28 38 42
8 26 28 38 43
8 26 28 38 44
8 26 28 38 45
8 27 28 29 38
8 27 28 30 38
8 27 28 31 38
8 27 28 32 38
8 27 28 33 38
8 27 28 34 38
8 27 28 35 38
8 27 28 36 38
8 27 28 37 38
8 27 28 38 39
8 27 28 38 40
8 27 28 38 41
8 27 28 38 42
8 27 28 38 43
8 27 28 38 44
8 27 28 38 45
8 28 29 30 38
8 28 29 31 38
8 28 29 32 38
8 28 29 33 38
8 28 29 34 38
8 28 29 35 38
8 28 29 36 38
8 28 29 37 38
8 28 29 38 39
8 28 29 38 40
8 28 29 38 41
8 28 29 38 42
8 28 29 38 43
8 28 29 38 44
8 28 29 38 45
8 28 30 31 38
8 28 30 32 38
8 28 30 33 38
8 28 30 34 38
8 28 30 35 38
8 28 30 36 38
8 28 30 37 38
8 28 30 38 39
8 28 30 38 40
8 28 30 38 41
8 28 30 38 42
8 28 30 38 43
8 28 30 38 44
8 28 30 38 45
8 28 31 32 38
8 28 31 33 38
8 28 31 34 38
8 28 31 35 38
8 28 31 36 38
8 28 31 37 38
8 28 31 38 39
8 28 31 38 40
8 28 31 38 41
8 28 31 38 42
8 28 31 38 43
8 28 31 38 44
8 28 31 38 45
8 28 32 33 38
8 28 32 34 38
8 28 32 35 38
8 28 32 36 38
8 28 32 37 38
8 28 32 38 39
8 28 32 38 40
8 28 32 38 41
8 28 32 38 42
8 28 32 38 43
8 28 32 38 44
8 28 32 38 45
8 28 33 34 38
8 28 33 35 38
8 28 33 36 38
8 28 33 37 38
8 28 33 38 39
8 28 33 38 40
8 28 33 38 41
8 28 33 38 42
8 28 33 38 43
8 28 33 38 44
8 28 33 38 45
8 28 34 35 38
8 28 34 36 38
8 28 34 37 38
8 28 34 38 39
8 28 34 38 40
8 28 34 38 41
8 28 34 38 42
8 28 34 38 43
8 28 34 38 44
8 28 34 38 45
8 28 35 36 38
8 28 35 37 38
8 28 35 38 39
8 28 35 38 40
8 28 35 38 41
8 28 35 38 42
8 28 35 38 43
8 28 35 38 44
8 28 35 38 45
8 28 36 37 38
8 28 36 38 39
8 28 36 38 40
8 28 36 38 41
8 28 36 38 42
8 28 36 38 43
8 28 36 38 44
8 28 36 38 45
8 28 37 38 39
8 28 37 38 40
8 28 37 38 41
8 28 37 38 42
8 28 37 38 43
8 28 37 38 44
8 28 37 38 45
8 28 38 39 40
8 28 38 39 41
8 28 38 39 42
8 28 38 39 43
8 28 38 39 44
8 28 38 39 45
8 28 38 40 41
8 28 38 40 42
8 28 38 40 43
8 28 38 40 44
8 28 38 40 45
8 28 38 41 42
8 28 38 41 43
8 28 38 41 44
8 28 38 41 45
8 28 38 42 43
8 28 38 42 44
8 28 38 42 45
8 28 38 43 44
8 28 38 43 45
8 28 38 44 45
9 10 18 28 38
9 11 18 28 38
9 12 18 28 38
9 13 18 28 38
9 14 18 28 38
9 15 18 28 38
9 16 18 28 38
9 17 18 28 38
9 18 19 28 38
9 18 20 28 38
9 18 21 28 38
9 18 22 28 38
9 18 23 28 38
9 18 24 28 38
9 18 25 28 38
9 18 26 28 38
9 18 27 28 38
9 18 28 29 38
9 18 28 30 38
9 18 28 31 38
9 18 28 32 38
9 18 28 33 38
9 18 28 34 38
9 18 28 35 38
9 18 28 36 38
9 18 28 37 38
9 18 28 38 39
9 18 28 38 40
9 18 28 38 41
9 18 28 38 42
9 18 28 38 43
9 18 28 38 44
9 18 28 38 45
10 11 18 28 38
10 12 18 28 38
10 13 18 28 38
10 14 18 28 38
10 15 18 28 38
10 16 18 28 38
10 17 18 28 38
10 18 19 28 38
10 18 20 28 38
10 18 21 28 38
10 18 22 28 38
10 18 23 28 38
10 18 24 28 38
10 18 25 28 38
10 18 26 28 38
10 18 27 28 38
10 18 28 29 38
10 18 28 30 38
10 18 28 31 38
10 18 28 32 38
10 18 28 33 38
10 18 28 34 38
10 18 28 35 38
10 18 28 36 38
10 18 28 37 38
10 18 28 38 39
10 18 28 38 40
10 18 28 38 41
10 18 28 38 42
10 18 28 38 43
10 18 28 38 44
10 18 28 38 45
11 12 18 28 38
11 13 18 28 38
11 14 18 28 38
11 15 18 28 38
11 16 18 28 38
11 17 18 28 38
11 18 19 28 38
11 18 20 28 38
11 18 21 28 38
11 18 22 28 38
11 18 23 28 38
11 18 24 28 38
11 18 25 28 38
11 18 26 28 38
11 18 27 28 38
11 18 28 29 38
11 18 28 30 38
11 18 28 31 38
11 18 28 32 38
11 18 28 33 38
11 18 28 34 38
11 18 28 35 38
11 18 28 36 38
11 18 28 37 38
11 18 28 38 39
11 18 28 38 40
11 18 28 38 41
11 18 28 38 42
11 18 28 38 43
11 18 28 38 44
11 18 28 38 45
12 13 18 28 38
12 14 18 28 38
12 15 18 28 38
12 16 18 28 38
12 17 18 28 38
12 18 19 28 38
12 18 20 28 38
12 18 21 28 38
12 18 22 28 38
12 18 23 28 38
12 18 24 28 38
12 18 25 28 38
12 18 26 28 38
12 18 27 28 38
12 18 28 29 38
12 18 28 30 38
12 18 28 31 38
12 18 28 32 38
12 18 28 33 38
12 18 28 34 38
12 18 28 35 38
12 18 28 36 38
12 18 28 37 38
12 18 28 38 39
12 18 28 38 40
12 18 28 38 41
12 18 28 38 42
12 18 28 38 43
12 18 28 38 44
12 18 28 38 45
13 14 18 28 38
13 15 18 28 38
13 16 18 28 38
13 17 18 28 38
13 18 19 28 38
13 18 20 28 38
13 18 21 28 38
13 18 22 28 38
13 18 23 28 38
13 18 24 28 38
13 18 25 28 38
13 18 26 28 38
13 18 27 28 38
13 18 28 29 38
13 18 28 30 38
13 18 28 31 38
13 18 28 32 38
13 18 28 33 38
13 18 28 34 38
13 18 28 35 38
13 18 28 36 38
13 18 28 37 38
13 18 28 38 39
13 18 28 38 40
13 18 28 38 41
13 18 28 38 42
13 18 28 38 43
13 18 28 38 44
13 18 28 38 45
14 15 18 28 38
14 16 18 28 38
14 17 18 28 38
14 18 19 28 38
14 18 20 28 38
14 18 21 28 38
14 18 22 28 38
14 18 23 28 38
14 18 24 28 38
14 18 25 28 38
14 18 26 28 38
14 18 27 28 38
14 18 28 29 38
14 18 28 30 38
14 18 28 31 38
14 18 28 32 38
14 18 28 33 38
14 18 28 34 38
14 18 28 35 38
14 18 28 36 38
14 18 28 37 38
14 18 28 38 39
14 18 28 38 40
14 18 28 38 41
14 18 28 38 42
14 18 28 38 43
14 18 28 38 44
14 18 28 38 45
15 16 18 28 38
15 17 18 28 38
15 18 19 28 38
15 18 20 28 38
15 18 21 28 38
15 18 22 28 38
15 18 23 28 38
15 18 24 28 38
15 18 25 28 38
15 18 26 28 38
15 18 27 28 38
15 18 28 29 38
15 18 28 30 38
15 18 28 31 38
15 18 28 32 38
15 18 28 33 38
15 18 28 34 38
15 18 28 35 38
15 18 28 36 38
15 18 28 37 38
15 18 28 38 39
15 18 28 38 40
15 18 28 38 41
15 18 28 38 42
15 18 28 38 43
15 18 28 38 44
15 18 28 38 45
16 17 18 28 38
16 18 19 28 38
16 18 20 28 38
16 18 21 28 38
16 18 22 28 38
16 18 23 28 38
16 18 24 28 38
16 18 25 28 38
16 18 26 28 38
16 18 27 28 38
16 18 28 29 38
16 18 28 30 38
16 18 28 31 38
16 18 28 32 38
16 18 28 33 38
16 18 28 34 38
16 18 28 35 38
16 18 28 36 38
16 18 28 37 38
16 18 28 38 39
16 18 28 38 40
16 18 28 38 41
16 18 28 38 42
16 18 28 38 43
16 18 28 38 44
16 18 28 38 45
17 18 19 28 38
17 18 20 28 38
17 18 21 28 38
17 18 22 28 38
17 18 23 28 38
17 18 24 28 38
17 18 25 28 38
17 18 26 28 38
17 18 27 28 38
17 18 28 29 38
17 18 28 30 38
17 18 28 31 38
17 18 28 32 38
17 18 28 33 38
17 18 28 34 38
17 18 28 35 38
17 18 28 36 38
17 18 28 37 38
17 18 28 38 39
17 18 28 38 40
17 18 28 38 41
17 18 28 38 42
17 18 28 38 43
17 18 28 38 44
17 18 28 38 45
18 19 20 28 38
18 19 21 28 38
18 19 22 28 38
18 19 23 28 38
18 19 24 28 38
18 19 25 28 38
18 19 26 28 38
18 19 27 28 38
18 19 28 29 38
18 19 28 30 38
18 19 28 31 38
18 19 28 32 38
18 19 28 33 38
18 19 28 34 38
18 19 28 35 38
18 19 28 36 38
18 19 28 37 38
18 19 28 38 39
18 19 28 38 40
18 19 28 38 41
18 19 28 38 42
18 19 28 38 43
18 19 28 38 44
18 19 28 38 45
18 20 21 28 38
18 20 22 28 38
18 20 23 28 38
18 20 24 28 38
18 20 25 28 38
18 20 26 28 38
18 20 27 28 38
18 20 28 29 38
18 20 28 30 38
18 20 28 31 38
18 20 28 32 38
18 20 28 33 38
18 20 28 34 38
18 20 28 35 38
18 20 28 36 38
18 20 28 37 38
18 20 28 38 39
18 20 28 38 40
18 20 28 38 41
18 20 28 38 42
18 20 28 38 43
18 20 28 38 44
18 20 28 38 45
18 21 22 28 38
18 21 23 28 38
18 21 24 28 38
18 21 25 28 38
18 21 26 28 38
18 21 27 28 38
18 21 28 29 38
18 21 28 30 38
18 21 28 31 38
18 21 28 32 38
18 21 28 33 38
18 21 28 34 38
18 21 28 35 38
18 21 28 36 38
18 21 28 37 38
18 21 28 38 39
18 21 28 38 40
18 21 28 38 41
18 21 28 38 42
18 21 28 38 43
18 21 28 38 44
18 21 28 38 45
18 22 23 28 38
18 22 24 28 38
18 22 25 28 38
18 22 26 28 38
18 22 27 28 38
18 22 28 29 38
18 22 28 30 38
18 22 28 31 38
18 22 28 32 38
18 22 28 33 38
18 22 28 34 38
18 22 28 35 38
18 22 28 36 38
18 22 28 37 38
18 22 28 38 39
18 22 28 38 40
18 22 28 38 41
18 22 28 38 42
18 22 28 38 43
18 22 28 38 44
18 22 28 38 45
18 23 24 28 38
18 23 25 28 38
18 23 26 28 38
18 23 27 28 38
18 23 28 29 38
18 23 28 30 38
18 23 28 31 38
18 23 28 32 38
18 23 28 33 38
18 23 28 34 38
18 23 28 35 38
18 23 28 36 38
18 23 28 37 38
18 23 28 38 39
18 23 28 38 40
18 23 28 38 41
18 23 28 38 42
18 23 28 38 43
18 23 28 38 44
18 23 28 38 45
18 24 25 28 38
18 24 26 28 38
18 24 27 28 38
18 24 28 29 38
18 24 28 30 38
18 24 28 31 38
18 24 28 32 38
18 24 28 33 38
18 24 28 34 38
18 24 28 35 38
18 24 28 36 38
18 24 28 37 38
18 24 28 38 39
18 24 28 38 40
18 24 28 38 41
18 24 28 38 42
18 24 28 38 43
18 24 28 38 44
18 24 28 38 45
18 25 26 28 38
18 25 27 28 38
18 25 28 29 38
18 25 28 30 38
18 25 28 31 38
18 25 28 32 38
18 25 28 33 38
18 25 28 34 38
18 25 28 35 38
18 25 28 36 38
18 25 28 37 38
18 25 28 38 39
18 25 28 38 40
18 25 28 38 41
18 25 28 38 42
18 25 28 38 43
18 25 28 38 44
18 25 28 38 45
18 26 27 28 38
18 26 28 29 38
18 26 28 30 38
18 26 28 31 38
18 26 28 32 38
18 26 28 33 38
18 26 28 34 38
18 26 28 35 38
18 26 28 36 38
18 26 28 37 38
18 26 28 38 39
18 26 28 38 40
18 26 28 38 41
18 26 28 38 42
18 26 28 38 43
18 26 28 38 44
18 26 28 38 45
18 27 28 29 38
18 27 28 30 38
18 27 28 31 38
18 27 28 32 38
18 27 28 33 38
18 27 28 34 38
18 27 28 35 38
18 27 28 36 38
18 27 28 37 38
18 27 28 38 39
18 27 28 38 40
18 27 28 38 41
18 27 28 38 42
18 27 28 38 43
18 27 28 38 44
18 27 28 38 45
18 28 29 30 38
18 28 29 31 38
18 28 29 32 38
18 28 29 33 38
18 28 29 34 38
18 28 29 35 38
18 28 29 36 38
18 28 29 37 38
18 28 29 38 39
18 28 29 38 40
18 28 29 38 41
18 28 29 38 42
18 28 29 38 43
18 28 29 38 44
18 28 29 38 45
18 28 30 31 38
18 28 30 32 38
18 28 30 33 38
18 28 30 34 38
18 28 30 35 38
18 28 30 36 38
18 28 30 37 38
18 28 30 38 39
18 28 30 38 40
18 28 30 38 41
18 28 30 38 42
18 28 30 38 43
18 28 30 38 44
18 28 30 38 45
18 28 31 32 38
18 28 31 33 38
18 28 31 34 38
18 28 31 35 38
18 28 31 36 38
18 28 31 37 38
18 28 31 38 39
18 28 31 38 40
18 28 31 38 41
18 28 31 38 42
18 28 31 38 43
18 28 31 38 44
18 28 31 38 45
18 28 32 33 38
18 28 32 34 38
18 28 32 35 38
18 28 32 36 38
18 28 32 37 38
18 28 32 38 39
18 28 32 38 40
18 28 32 38 41
18 28 32 38 42
18 28 32 38 43
18 28 32 38 44
18 28 32 38 45
18 28 33 34 38
18 28 33 35 38
18 28 33 36 38
18 28 33 37 38
18 28 33 38 39
18 28 33 38 40
18 28 33 38 41
18 28 33 38 42
18 28 33 38 43
18 28 33 38 44
18 28 33 38 45
18 28 34 35 38
18 28 34 36 38
18 28 34 37 38
18 28 34 38 39
18 28 34 38 40
18 28 34 38 41
18 28 34 38 42
18 28 34 38 43
18 28 34 38 44
18 28 34 38 45
18 28 35 36 38
18 28 35 37 38
18 28 35 38 39
18 28 35 38 40
18 28 35 38 41
18 28 35 38 42
18 28 35 38 43
18 28 35 38 44
18 28 35 38 45
18 28 36 37 38
18 28 36 38 39
18 28 36 38 40
18 28 36 38 41
18 28 36 38 42
18 28 36 38 43
18 28 36 38 44
18 28 36 38 45
18 28 37 38 39
18 28 37 38 40
18 28 37 38 41
18 28 37 38 42
18 28 37 38 43
18 28 37 38 44
18 28 37 38 45
18 28 38 39 40
18 28 38 39 41
18 28 38 39 42
18 28 38 39 43
18 28 38 39 44
18 28 38 39 45
18 28 38 40 41
18 28 38 40 42
18 28 38 40 43
18 28 38 40 44
18 28 38 40 45
18 28 38 41 42
18 28 38 41 43
18 28 38 41 44
18 28 38 41 45
18 28 38 42 43
18 28 38 42 44
18 28 38 42 45
18 28 38 43 44
18 28 38 43 45
18 28 38 44 45
