1 6 11 16
1 6 11 21
1 6 11 26
1 6 11 31
1 6 11 36
1 6 11 41
1 6 11 3
1 6 11 8
1 6 11 13
1 6 11 18
1 6 11 23
1 6 11 28
1 6 11 33
1 6 11 38
1 6 11 43
1 6 16 21
1 6 16 26
1 6 16 31
1 6 16 36
1 6 16 41
1 6 16 3
1 6 16 8
1 6 16 13
1 6 16 18
1 6 16 23
1 6 16 28
1 6 16 33
1 6 16 38
1 6 16 43
1 6 21 26
1 6 21 31
1 6 21 36
1 6 21 41
1 6 21 3
1 6 21 8
1 6 21 13
1 6 21 18
1 6 21 23
1 6 21 28
1 6 21 33
1 6 21 38
1 6 21 43
1 6 26 31
1 6 26 36
1 6 26 41
1 6 26 3
1 6 26 8
1 6 26 13
1 6 26 18
1 6 26 23
1 6 26 28
1 6 26 33
1 6 26 38
1 6 26 43
1 6 31 36
1 6 31 41
1 6 31 3
1 6 31 8
1 6 31 13
1 6 31 18
1 6 31 23
1 6 31 28
1 6 31 33
1 6 31 38
1 6 31 43
1 6 36 41
1 6 36 3
1 6 36 8
1 6 36 13
1 6 36 18
1 6 36 23
1 6 36 28
1 6 36 33
1 6 36 38
1 6 36 43
1 6 41 3
1 6 41 8
1 6 41 13
1 6 41 18
1 6 41 23
1 6 41 28
1 6 41 33
1 6 41 38
1 6 41 43
1 6 3 8
1 6 3 13
1 6 3 18
1 6 3 23
1 6 3 28
1 6 3 33
1 6 3 38
1 6 3 43
1 6 8 13
1 6 8 18
1 6 8 23
1 6 8 28
1 6 8 33
1 6 8 38
1 6 8 43
1 6 13 18
1 6 13 23
1 6 13 28
1 6 13 33
1 6 13 38
1 6 13 43
1 6 18 23
1 6 18 28
1 6 18 33
1 6 18 38
1 6 18 43
1 6 23 28
1 6 23 33
1 6 23 38
1 6 23 43
1 6 28 33
1 6 28 38
1 6 28 43
1 6 33 38
1 6 33 43
1 6 38 43
1 11 16 21
1 11 16 26
1 11 16 31
1 11 16 36
1 11 16 41
1 11 16 3
1 11 16 8
1 11 16 13
1 11 16 18
1 11 16 23
1 11 16 28
1 11 16 33
1 11 16 38
1 11 16 43
1 11 21 26
1 11 21 31
1 11 21 36
1 11 21 41
1 11 21 3
1 11 21 8
1 11 21 13
1 11 21 18
1 11 21 23
1 11 21 28
1 11 21 33
1 11 21 38
1 11 21 43
1 11 26 31
1 11 26 36
1 11 26 41
1 11 26 3
1 11 26 8
1 11 26 13
1 11 26 18
1 11 26 23
1 11 26 28
1 11 26 33
1 11 26 38
1 11 26 43
1 11 31 36
1 11 31 41
1 11 31 3
1 11 31 8
1 11 31 13
1 11 31 18
1 11 31 23
1 11 31 28
1 11 31 33
1 11 31 38
1 11 31 43
1 11 36 41
1 11 36 3
1 11 36 8
1 11 36 13
1 11 36 18
1 11 36 23
1 11 36 28
1 11 36 33
1 11 36 38
1 11 36 43
1 11 41 3
1 11 41 8
1 11 41 13
1 11 41 18
1 11 41 23
1 11 41 28
1 11 41 33
1 11 41 38
1 11 41 43
1 11 3 8
1 11 3 13
1 11 3 18
1 11 3 23
1 11 3 28
1 11 3 33
1 11 3 38
1 11 3 43
1 11 8 13
1 11 8 18
1 11 8 23
1 11 8 28
1 11 8 33
1 11 8 38
1 11 8 43
1 11 13 18
1 11 13 23
1 11 13 28
1 11 13 33
1 11 13 38
1 11 13 43
1 11 18 23
1 11 18 28
1 11 18 33
1 11 18 38
1 11 18 43
1 11 23 28
1 11 23 33
1 11 23 38
1 11 23 43
1 11 28 33
1 11 28 38
1 11 28 43
1 11 33 38
1 11 33 43
1 11 38 43
1 16 21 26
1 16 21 31
1 16 21 36
1 16 21 41
1 16 21 3
1 16 21 8
1 16 21 13
1 16 21 18
1 16 21 23
1 16 21 28
1 16 21 33
1 16 21 38
1 16 21 43
1 16 26 31
1 16 26 36
1 16 26 41
1 16 26 3
1 16 26 8
1 16 26 13
1 16 26 18
1 16 26 23
1 16 26 28
1 16 26 33
1 16 26 38
1 16 26 43
1 16 31 36
1 16 31 41
1 16 31 3
1 16 31 8
1 16 31 13
1 16 31 18
1 16 31 23
1 16 31 28
1 16 31 33
1 16 31 38
1 16 31 43
1 16 36 41
1 16 36 3
1 16 36 8
1 16 36 13
1 16 36 18
1 16 36 23
1 16 36 28
1 16 36 33
1 16 36 38
1 16 36 43
1 16 41 3
1 16 41 8
1 16 41 13
1 16 41 18
1 16 41 23
1 16 41 28
1 16 41 33
1 16 41 38
1 16 41 43
1 16 3 8
1 16 3 13
1 16 3 18
1 16 3 23
1 16 3 28
1 16 3 33
1 16 3 38
1 16 3 43
1 16 8 13
1 16 8 18
1 16 8 23
1 16 8 28
1 16 8 33
1 16 8 38
1 16 8 43
1 16 13 18
1 16 13 23
1 16 13 28
1 16 13 33
1 16 13 38
1 16 13 43
1 16 18 23
1 16 18 28
1 16 18 33
1 16 18 38
1 16 18 43
1 16 23 28
1 16 23 33
1 16 23 38
1 16 23 43
1 16 28 33
1 16 28 38
1 16 28 43
1 16 33 38
1 16 33 43
1 16 38 43
1 21 26 31
1 21 26 36
1 21 26 41
1 21 26 3
1 21 26 8
1 21 26 13
1 21 26 18
1 21 26 23
1 21 26 28
1 21 26 33
1 21 26 38
1 21 26 43
1 21 31 36
1 21 31 41
1 21 31 3
1 21 31 8
1 21 31 13
1 21 31 18
1 21 31 23
1 21 31 28
1 21 31 33
1 21 31 38
1 21 31 43
1 21 36 41
1 21 36 3
1 21 36 8
1 21 36 13
1 21 36 18
1 21 36 23
1 21 36 28
1 21 36 33
1 21 36 38
1 21 36 43
1 21 41 3
1 21 41 8
1 21 41 13
1 21 41 18
1 21 41 23
1 21 41 28
1 21 41 33
1 21 41 38
1 21 41 43
1 21 3 8
1 21 3 13
1 21 3 18
1 21 3 23
1 21 3 28
1 21 3 33
1 21 3 38
1 21 3 43
1 21 8 13
1 21 8 18
1 21 8 23
1 21 8 28
1 21 8 33
1 21 8 38
1 21 8 43
1 21 13 18
1 21 13 23
1 21 13 28
1 21 13 33
1 21 13 38
1 21 13 43
1 21 18 23
1 21 18 28
1 21 18 33
1 21 18 38
1 21 18 43
1 21 23 28
1 21 23 33
1 21 23 38
1 21 23 43
1 21 28 33
1 21 28 38
1 21 28 43
1 21 33 38
1 21 33 43
1 21 38 43
1 26 31 36
1 26 31 41
1 26 31 3
1 26 31 8
1 26 31 13
1 26 31 18
1 26 31 23
1 26 31 28
1 26 31 33
1 26 31 38
1 26 31 43
1 26 36 41
1 26 36 3
1 26 36 8
1 26 36 13
1 26 36 18
1 26 36 23
1 26 36 28
1 26 36 33
1 26 36 38
1 26 36 43
1 26 41 3
1 26 41 8
1 26 41 13
1 26 41 18
1 26 41 23
1 26 41 28
1 26 41 33
1 26 41 38
1 26 41 43
1 26 3 8
1 26 3 13
1 26 3 18
1 26 3 23
1 26 3 28
1 26 3 33
1 26 3 38
1 26 3 43
1 26 8 13
1 26 8 18
1 26 8 23
1 26 8 28
1 26 8 33
1 26 8 38
1 26 8 43
1 26 13 18
1 26 13 23
1 26 13 28
1 26 13 33
1 26 13 38
1 26 13 43
1 26 18 23
1 26 18 28
1 26 18 33
1 26 18 38
1 26 18 43
1 26 23 28
1 26 23 33
1 26 23 38
1 26 23 43
1 26 28 33
1 26 28 38
1 26 28 43
1 26 33 38
1 26 33 43
1 26 38 43
1 31 36 41
1 31 36 3
1 31 36 8
1 31 36 13
1 31 36 18
1 31 36 23
1 31 36 28
1 31 36 33
1 31 36 38
1 31 36 43
1 31 41 3
1 31 41 8
1 31 41 13
1 31 41 18
1 31 41 23
1 31 41 28
1 31 41 33
1 31 41 38
1 31 41 43
1 31 3 8
1 31 3 13
1 31 3 18
1 31 3 23
1 31 3 28
1 31 3 33
1 31 3 38
1 31 3 43
1 31 8 13
1 31 8 18
1 31 8 23
1 31 8 28
1 31 8 33
1 31 8 38
1 31 8 43
1 31 13 18
1 31 13 23
1 31 13 28
1 31 13 33
1 31 13 38
1 31 13 43
1 31 18 23
1 31 18 28
1 31 18 33
1 31 18 38
1 31 18 43
1 31 23 28
1 31 23 33
1 31 23 38
1 31 23 43
1 31 28 33
1 31 28 38
1 31 28 43
1 31 33 38
1 31 33 43
1 31 38 43
1 36 41 3
1 36 41 8
1 36 41 13
1 36 41 18
1 36 41 23
1 36 41 28
1 36 41 33
1 36 41 38
1 36 41 43
1 36 3 8
1 36 3 13
1 36 3 18
1 36 3 23
1 36 3 28
1 36 3 33
1 36 3 38
1 36 3 43
1 36 8 13
1 36 8 18
1 36 8 23
1 36 8 28
1 36 8 33
1 36 8 38
1 36 8 43
1 36 13 18
1 36 13 23
1 36 13 28
1 36 13 33
1 36 13 38
1 36 13 43
1 36 18 23
1 36 18 28
1 36 18 33
1 36 18 38
1 36 18 43
1 36 23 28
1 36 23 33
1 36 23 38
1 36 23 43
1 36 28 33
1 36 28 38
1 36 28 43
1 36 33 38
1 36 33 43
1 36 38 43
1 41 3 8
1 41 3 13
1 41 3 18
1 41 3 23
1 41 3 28
1 41 3 33
1 41 3 38
1 41 3 43
1 41 8 13
1 41 8 18
1 41 8 23
1 41 8 28
1 41 8 33
1 41 8 38
1 41 8 43
1 41 13 18
1 41 13 23
1 41 13 28
1 41 13 33
1 41 13 38
1 41 13 43
1 41 18 23
1 41 18 28
1 41 18 33
1 41 18 38
1 41 18 43
1 41 23 28
1 41 23 33
1 41 23 38
1 41 23 43
1 41 28 33
1 41 28 38
1 41 28 43
1 41 33 38
1 41 33 43
1 41 38 43
1 3 8 13
1 3 8 18
1 3 8 23
1 3 8 28
1 3 8 33
1 3 8 38
1 3 8 43
1 3 13 18
1 3 13 23
1 3 13 28
1 3 13 33
1 3 13 38
1 3 13 43
1 3 18 23
1 3 18 28
1 3 18 33
1 3 18 38
1 3 18 43
1 3 23 28
1 3 23 33
1 3 23 38
1 3 23 43
1 3 28 33
1 3 28 38
1 3 28 43
1 3 33 38
1 3 33 43
1 3 38 43
1 8 13 18
1 8 13 23
1 8 13 28
1 8 13 33
1 8 13 38
1 8 13 43
1 8 18 23
1 8 18 28
1 8 18 33
1 8 18 38
1 8 18 43
1 8 23 28
1 8 23 33
1 8 23 38
1 8 23 43
1 8 28 33
1 8 28 38
1 8 28 43
1 8 33 38
1 8 33 43
1 8 38 43
1 13 18 23
1 13 18 28
1 13 18 33
1 13 18 38
1 13 18 43
1 13 23 28
1 13 23 33
1 13 23 38
1 13 23 43
1 13 28 33
1 13 28 38
1 13 28 43
1 13 33 38
1 13 33 43
1 13 38 43
1 18 23 28
1 18 23 33
1 18 23 38
1 18 23 43
1 18 28 33
1 18 28 38
1 18 28 43
1 18 33 38
1 18 33 43
1 18 38 43
1 23 28 33
1 23 28 38
1 23 28 43
1 23 33 38
1 23 33 43
1 23 38 43
1 28 33 38
1 28 33 43
1 28 38 43
1 33 38 43
6 11 16 21
6 11 16 26
6 11 16 31
6 11 16 36
6 11 16 41
6 11 16 3
6 11 16 8
6 11 16 13
6 11 16 18
6 11 16 23
6 11 16 28
6 11 16 33
6 11 16 38
6 11 16 43
6 11 21 26
6 11 21 31
6 11 21 36
6 11 21 41
6 11 21 3
6 11 21 8
6 11 21 13
6 11 21 18
6 11 21 23
6 11 21 28
6 11 21 33
6 11 21 38
6 11 21 43
6 11 26 31
6 11 26 36
6 11 26 41
6 11 26 3
6 11 26 8
6 11 26 13
6 11 26 18
6 11 26 23
6 11 26 28
6 11 26 33
6 11 26 38
6 11 26 43
6 11 31 36
6 11 31 41
6 11 31 3
6 11 31 8
6 11 31 13
6 11 31 18
6 11 31 23
6 11 31 28
6 11 31 33
6 11 31 38
6 11 31 43
6 11 36 41
6 11 36 3
6 11 36 8
6 11 36 13
6 11 36 18
6 11 36 23
6 11 36 28
6 11 36 33
6 11 36 38
6 11 36 43
6 11 41 3
6 11 41 8
6 11 41 13
6 11 41 18
6 11 41 23
6 11 41 28
6 11 41 33
6 11 41 38
6 11 41 43
6 11 3 8
6 11 3 13
6 11 3 18
6 11 3 23
6 11 3 28
6 11 3 33
6 11 3 38
6 11 3 43
6 11 8 13
6 11 8 18
6 11 8 23
6 11 8 28
6 11 8 33
6 11 8 38
6 11 8 43
6 11 13 18
6 11 13 23
6 11 13 28
6 11 13 33
6 11 13 38
6 11 13 43
6 11 18 23
6 11 18 28
6 11 18 33
6 11 18 38
6 11 18 43
6 11 23 28
6 11 23 33
6 11 23 38
6 11 23 43
6 11 28 33
6 11 28 38
6 11 28 43
6 11 33 38
6 11 33 43
6 11 38 43
6 16 21 26
6 16 21 31
6 16 21 36
6 16 21 41
6 16 21 3
6 16 21 8
6 16 21 13
6 16 21 18
6 16 21 23
6 16 21 28
6 16 21 33
6 16 21 38
6 16 21 43
6 16 26 31
6 16 26 36
6 16 26 41
6 16 26 3
6 16 26 8
6 16 26 13
6 16 26 18
6 16 26 23
6 16 26 28
6 16 26 33
6 16 26 38
6 16 26 43
6 16 31 36
6 16 31 41
6 16 31 3
6 16 31 8
6 16 31 13
6 16 31 18
6 16 31 23
6 16 31 28
6 16 31 33
6 16 31 38
6 16 31 43
6 16 36 41
6 16 36 3
6 16 36 8
6 16 36 13
6 16 36 18
6 16 36 23
6 16 36 28
6 16 36 33
6 16 36 38
6 16 36 43
6 16 41 3
6 16 41 8
6 16 41 13
6 16 41 18
6 16 41 23
6 16 41 28
6 16 41 33
6 16 41 38
6 16 41 43
6 16 3 8
6 16 3 13
6 16 3 18
6 16 3 23
6 16 3 28
6 16 3 33
6 16 3 38
6 16 3 43
6 16 8 13
6 16 8 18
6 16 8 23
6 16 8 28
6 16 8 33
6 16 8 38
6 16 8 43
6 16 13 18
6 16 13 23
6 16 13 28
6 16 13 33
6 16 13 38
6 16 13 43
6 16 18 23
6 16 18 28
6 16 18 33
6 16 18 38
6 16 18 43
6 16 23 28
6 16 23 33
6 16 23 38
6 16 23 43
6 16 28 33
6 16 28 38
6 16 28 43
6 16 33 38
6 16 33 43
6 16 38 43
6 21 26 31
6 21 26 36
6 21 26 41
6 21 26 3
6 21 26 8
6 21 26 13
6 21 26 18
6 21 26 23
6 21 26 28
6 21 26 33
6 21 26 38
6 21 26 43
6 21 31 36
6 21 31 41
6 21 31 3
6 21 31 8
6 21 31 13
6 21 31 18
6 21 31 23
6 21 31 28
6 21 31 33
6 21 31 38
6 21 31 43
6 21 36 41
6 21 36 3
6 21 36 8
6 21 36 13
6 21 36 18
6 21 36 23
6 21 36 28
6 21 36 33
6 21 36 38
6 21 36 43
6 21 41 3
6 21 41 8
6 21 41 13
6 21 41 18
6 21 41 23
6 21 41 28
6 21 41 33
6 21 41 38
6 21 41 43
6 21 3 8
6 21 3 13
6 21 3 18
6 21 3 23
6 21 3 28
6 21 3 33
6 21 3 38
6 21 3 43
6 21 8 13
6 21 8 18
6 21 8 23
6 21 8 28
6 21 8 33
6 21 8 38
6 21 8 43
6 21 13 18
6 21 13 23
6 21 13 28
6 21 13 33
6 21 13 38
6 21 13 43
6 21 18 23
6 21 18 28
6 21 18 33
6 21 18 38
6 21 18 43
6 21 23 28
6 21 23 33
6 21 23 38
6 21 23 43
6 21 28 33
6 21 28 38
6 21 28 43
6 21 33 38
6 21 33 43
6 21 38 43
6 26 31 36
6 26 31 41
6 26 31 3
6 26 31 8
6 26 31 13
6 26 31 18
6 26 31 23
6 26 31 28
6 26 31 33
6 26 31 38
6 26 31 43
6 26 36 41
6 26 36 3
6 26 36 8
6 26 36 13
6 26 36 18
6 26 36 23
6 26 36 28
6 26 36 33
6 26 36 38
6 26 36 43
6 26 41 3
6 26 41 8
6 26 41 13
6 26 41 18
6 26 41 23
6 26 41 28
6 26 41 33
6 26 41 38
6 26 41 43
6 26 3 8
6 26 3 13
6 26 3 18
6 26 3 23
6 26 3 28
6 26 3 33
6 26 3 38
6 26 3 43
6 26 8 13
6 26 8 18
6 26 8 23
6 26 8 28
6 26 8 33
6 26 8 38
6 26 8 43
6 26 13 18
6 26 13 23
6 26 13 28
6 26 13 33
6 26 13 38
6 26 13 43
6 26 18 23
6 26 18 28
6 26 18 33
6 26 18 38
6 26 18 43
6 26 23 28
6 26 23 33
6 26 23 38
6 26 23 43
6 26 28 33
6 26 28 38
6 26 28 43
6 26 33 38
6 26 33 43
6 26 38 43
6 31 36 41
6 31 36 3
6 31 36 8
6 31 36 13
6 31 36 18
6 31 36 23
6 31 36 28
6 31 36 33
6 31 36 38
6 31 36 43
6 31 41 3
6 31 41 8
6 31 41 13
6 31 41 18
6 31 41 23
6 31 41 28
6 31 41 33
6 31 41 38
6 31 41 43
6 31 3 8
6 31 3 13
6 31 3 18
6 31 3 23
6 31 3 28
6 31 3 33
6 31 3 38
6 31 3 43
6 31 8 13
6 31 8 18
6 31 8 23
6 31 8 28
6 31 8 33
6 31 8 38
6 31 8 43
6 31 13 18
6 31 13 23
6 31 13 28
6 31 13 33
6 31 13 38
6 31 13 43
6 31 18 23
6 31 18 28
6 31 18 33
6 31 18 38
6 31 18 43
6 31 23 28
6 31 23 33
6 31 23 38
6 31 23 43
6 31 28 33
6 31 28 38
6 31 28 43
6 31 33 38
6 31 33 43
6 31 38 43
6 36 41 3
6 36 41 8
6 36 41 13
6 36 41 18
6 36 41 23
6 36 41 28
6 36 41 33
6 36 41 38
6 36 41 43
6 36 3 8
6 36 3 13
6 36 3 18
6 36 3 23
6 36 3 28
6 36 3 33
6 36 3 38
6 36 3 43
6 36 8 13
6 36 8 18
6 36 8 23
6 36 8 28
6 36 8 33
6 36 8 38
6 36 8 43
6 36 13 18
6 36 13 23
6 36 13 28
6 36 13 33
6 36 13 38
6 36 13 43
6 36 18 23
6 36 18 28
6 36 18 33
6 36 18 38
6 36 18 43
6 36 23 28
6 36 23 33
6 36 23 38
6 36 23 43
6 36 28 33
6 36 28 38
6 36 28 43
6 36 33 38
6 36 33 43
6 36 38 43
6 41 3 8
6 41 3 13
6 41 3 18
6 41 3 23
6 41 3 28
6 41 3 33
6 41 3 38
6 41 3 43
6 41 8 13
6 41 8 18
6 41 8 23
6 41 8 28
6 41 8 33
6 41 8 38
6 41 8 43
6 41 13 18
6 41 13 23
6 41 13 28
6 41 13 33
6 41 13 38
6 41 13 43
6 41 18 23
6 41 18 28
6 41 18 33
6 41 18 38
6 41 18 43
6 41 23 28
6 41 23 33
6 41 23 38
6 41 23 43
6 41 28 33
6 41 28 38
6 41 28 43
6 41 33 38
6 41 33 43
6 41 38 43
6 3 8 13
6 3 8 18
6 3 8 23
6 3 8 28
6 3 8 33
6 3 8 38
6 3 8 43
6 3 13 18
6 3 13 23
6 3 13 28
6 3 13 33
6 3 13 38
6 3 13 43
6 3 18 23
6 3 18 28
6 3 18 33
6 3 18 38
6 3 18 43
6 3 23 28
6 3 23 33
6 3 23 38
6 3 23 43
6 3 28 33
6 3 28 38
6 3 28 43
6 3 33 38
6 3 33 43
6 3 38 43
6 8 13 18
6 8 13 23
6 8 13 28
6 8 13 33
6 8 13 38
6 8 13 43
6 8 18 23
6 8 18 28
6 8 18 33
6 8 18 38
6 8 18 43
6 8 23 28
6 8 23 33
6 8 23 38
6 8 23 43
6 8 28 33
6 8 28 38
6 8 28 43
6 8 33 38
6 8 33 43
6 8 38 43
6 13 18 23
6 13 18 28
6 13 18 33
6 13 18 38
6 13 18 43
6 13 23 28
6 13 23 33
6 13 23 38
6 13 23 43
6 13 28 33
6 13 28 38
6 13 28 43
6 13 33 38
6 13 33 43
6 13 38 43
6 18 23 28
6 18 23 33
6 18 23 38
6 18 23 43
6 18 28 33
6 18 28 38
6 18 28 43
6 18 33 38
6 18 33 43
6 18 38 43
6 23 28 33
6 23 28 38
6 23 28 43
6 23 33 38
6 23 33 43
6 23 38 43
6 28 33 38
6 28 33 43
6 28 38 43
6 33 38 43
11 16 21 26
11 16 21 31
11 16 21 36
11 16 21 41
11 16 21 3
11 16 21 8
11 16 21 13
11 16 21 18
11 16 21 23
11 16 21 28
11 16 21 33
11 16 21 38
11 16 21 43
11 16 26 31
11 16 26 36
11 16 26 41
11 16 26 3
11 16 26 8
11 16 26 13
11 16 26 18
11 16 26 23
11 16 26 28
11 16 26 33
11 16 26 38
11 16 26 43
11 16 31 36
11 16 31 41
11 16 31 3
11 16 31 8
11 16 31 13
11 16 31 18
11 16 31 23
11 16 31 28
11 16 31 33
11 16 31 38
11 16 31 43
11 16 36 41
11 16 36 3
11 16 36 8
11 16 36 13
11 16 36 18
11 16 36 23
11 16 36 28
11 16 36 33
11 16 36 38
11 16 36 43
11 16 41 3
11 16 41 8
11 16 41 13
11 16 41 18
11 16 41 23
11 16 41 28
11 16 41 33
11 16 41 38
11 16 41 43
11 16 3 8
11 16 3 13
11 16 3 18
11 16 3 23
11 16 3 28
11 16 3 33
11 16 3 38
11 16 3 43
11 16 8 13
11 16 8 18
11 16 8 23
11 16 8 28
11 16 8 33
11 16 8 38
11 16 8 43
11 16 13 18
11 16 13 23
11 16 13 28
11 16 13 33
11 16 13 38
11 16 13 43
11 16 18 23
11 16 18 28
11 16 18 33
11 16 18 38
11 16 18 43
11 16 23 28
11 16 23 33
11 16 23 38
11 16 23 43
11 16 28 33
11 16 28 38
11 16 28 43
11 16 33 38
11 16 33 43
11 16 38 43
11 21 26 31
11 21 26 36
11 21 26 41
11 21 26 3
11 21 26 8
11 21 26 13
11 21 26 18
11 21 26 23
11 21 26 28
11 21 26 33
11 21 26 38
11 21 26 43
11 21 31 36
11 21 31 41
11 21 31 3
11 21 31 8
11 21 31 13
11 21 31 18
11 21 31 23
11 21 31 28
11 21 31 33
11 21 31 38
11 21 31 43
11 21 36 41
11 21 36 3
11 21 36 8
11 21 36 13
11 21 36 18
11 21 36 23
11 21 36 28
11 21 36 33
11 21 36 38
11 21 36 43
11 21 41 3
11 21 41 8
11 21 41 13
11 21 41 18
11 21 41 23
11 21 41 28
11 21 41 33
11 21 41 38
11 21 41 43
11 21 3 8
11 21 3 13
11 21 3 18
11 21 3 23
11 21 3 28
11 21 3 33
11 21 3 38
11 21 3 43
11 21 8 13
11 21 8 18
11 21 8 23
11 21 8 28
11 21 8 33
11 21 8 38
11 21 8 43
11 21 13 18
11 21 13 23
11 21 13 28
11 21 13 33
11 21 13 38
11 21 13 43
11 21 18 23
11 21 18 28
11 21 18 33
11 21 18 38
11 21 18 43
11 21 23 28
11 21 23 33
11 21 23 38
11 21 23 43
11 21 28 33
11 21 28 38
11 21 28 43
11 21 33 38
11 21 33 43
11 21 38 43
11 26 31 36
11 26 31 41
11 26 31 3
11 26 31 8
11 26 31 13
11 26 31 18
11 26 31 23
11 26 31 28
11 26 31 33
11 26 31 38
11 26 31 43
11 26 36 41
11 26 36 3
11 26 36 8
11 26 36 13
11 26 36 18
11 26 36 23
11 26 36 28
11 26 36 33
11 26 36 38
11 26 36 43
11 26 41 3
11 26 41 8
11 26 41 13
11 26 41 18
11 26 41 23
11 26 41 28
11 26 41 33
11 26 41 38
11 26 41 43
11 26 3 8
11 26 3 13
11 26 3 18
11 26 3 23
11 26 3 28
11 26 3 33
11 26 3 38
11 26 3 43
11 26 8 13
11 26 8 18
11 26 8 23
11 26 8 28
11 26 8 33
11 26 8 38
11 26 8 43
11 26 13 18
11 26 13 23
11 26 13 28
11 26 13 33
11 26 13 38
11 26 13 43
11 26 18 23
11 26 18 28
11 26 18 33
11 26 18 38
11 26 18 43
11 26 23 28
11 26 23 33
11 26 23 38
11 26 23 43
11 26 28 33
11 26 28 38
11 26 28 43
11 26 33 38
11 26 33 43
11 26 38 43
11 31 36 41
11 31 36 3
11 31 36 8
11 31 36 13
11 31 36 18
11 31 36 23
11 31 36 28
11 31 36 33
11 31 36 38
11 31 36 43
11 31 41 3
11 31 41 8
11 31 41 13
11 31 41 18
11 31 41 23
11 31 41 28
11 31 41 33
11 31 41 38
11 31 41 43
11 31 3 8
11 31 3 13
11 31 3 18
11 31 3 23
11 31 3 28
11 31 3 33
11 31 3 38
11 31 3 43
11 31 8 13
11 31 8 18
11 31 8 23
11 31 8 28
11 31 8 33
11 31 8 38
11 31 8 43
11 31 13 18
11 31 13 23
11 31 13 28
11 31 13 33
11 31 13 38
11 31 13 43
11 31 18 23
11 31 18 28
11 31 18 33
11 31 18 38
11 31 18 43
11 31 23 28
11 31 23 33
11 31 23 38
11 31 23 43
11 31 28 33
11 31 28 38
11 31 28 43
11 31 33 38
11 31 33 43
11 31 38 43
11 36 41 3
11 36 41 8
11 36 41 13
11 36 41 18
11 36 41 23
11 36 41 28
11 36 41 33
11 36 41 38
11 36 41 43
11 36 3 8
11 36 3 13
11 36 3 18
11 36 3 23
11 36 3 28
11 36 3 33
11 36 3 38
11 36 3 43
11 36 8 13
11 36 8 18
11 36 8 23
11 36 8 28
11 36 8 33
11 36 8 38
11 36 8 43
11 36 13 18
11 36 13 23
11 36 13 28
11 36 13 33
11 36 13 38
11 36 13 43
11 36 18 23
11 36 18 28
11 36 18 33
11 36 18 38
11 36 18 43
11 36 23 28
11 36 23 33
11 36 23 38
11 36 23 43
11 36 28 33
11 36 28 38
11 36 28 43
11 36 33 38
11 36 33 43
11 36 38 43
11 41 3 8
11 41 3 13
11 41 3 18
11 41 3 23
11 41 3 28
11 41 3 33
11 41 3 38
11 41 3 43
11 41 8 13
11 41 8 18
11 41 8 23
11 41 8 28
11 41 8 33
11 41 8 38
11 41 8 43
11 41 13 18
11 41 13 23
11 41 13 28
11 41 13 33
11 41 13 38
11 41 13 43
11 41 18 23
11 41 18 28
11 41 18 33
11 41 18 38
11 41 18 43
11 41 23 28
11 41 23 33
11 41 23 38
11 41 23 43
11 41 28 33
11 41 28 38
11 41 28 43
11 41 33 38
11 41 33 43
11 41 38 43
11 3 8 13
11 3 8 18
11 3 8 23
11 3 8 28
11 3 8 33
11 3 8 38
11 3 8 43
11 3 13 18
11 3 13 23
11 3 13 28
11 3 13 33
11 3 13 38
11 3 13 43
11 3 18 23
11 3 18 28
11 3 18 33
11 3 18 38
11 3 18 43
11 3 23 28
11 3 23 33
11 3 23 38
11 3 23 43
11 3 28 33
11 3 28 38
11 3 28 43
11 3 33 38
11 3 33 43
11 3 38 43
11 8 13 18
11 8 13 23
11 8 13 28
11 8 13 33
11 8 13 38
11 8 13 43
11 8 18 23
11 8 18 28
11 8 18 33
11 8 18 38
11 8 18 43
11 8 23 28
11 8 23 33
11 8 23 38
11 8 23 43
11 8 28 33
11 8 28 38
11 8 28 43
11 8 33 38
11 8 33 43
11 8 38 43
11 13 18 23
11 13 18 28
11 13 18 33
11 13 18 38
11 13 18 43
11 13 23 28
11 13 23 33
11 13 23 38
11 13 23 43
11 13 28 33
11 13 28 38
11 13 28 43
11 13 33 38
11 13 33 43
11 13 38 43
11 18 23 28
11 18 23 33
11 18 23 38
11 18 23 43
11 18 28 33
11 18 28 38
11 18 28 43
11 18 33 38
11 18 33 43
11 18 38 43
11 23 28 33
11 23 28 38
11 23 28 43
11 23 33 38
11 23 33 43
11 23 38 43
11 28 33 38
11 28 33 43
11 28 38 43
11 33 38 43
16 21 26 31
16 21 26 36
16 21 26 41
16 21 26 3
16 21 26 8
16 21 26 13
16 21 26 18
16 21 26 23
16 21 26 28
16 21 26 33
16 21 26 38
16 21 26 43
16 21 31 36
16 21 31 41
16 21 31 3
16 21 31 8
16 21 31 13
16 21 31 18
16 21 31 23
16 21 31 28
16 21 31 33
16 21 31 38
16 21 31 43
16 21 36 41
16 21 36 3
16 21 36 8
16 21 36 13
16 21 36 18
16 21 36 23
16 21 36 28
16 21 36 33
16 21 36 38
16 21 36 43
16 21 41 3
16 21 41 8
16 21 41 13
16 21 41 18
16 21 41 23
16 21 41 28
16 21 41 33
16 21 41 38
16 21 41 43
16 21 3 8
16 21 3 13
16 21 3 18
16 21 3 23
16 21 3 28
16 21 3 33
16 21 3 38
16 21 3 43
16 21 8 13
16 21 8 18
16 21 8 23
16 21 8 28
16 21 8 33
16 21 8 38
16 21 8 43
16 21 13 18
16 21 13 23
16 21 13 28
16 21 13 33
16 21 13 38
16 21 13 43
16 21 18 23
16 21 18 28
16 21 18 33
16 21 18 38
16 21 18 43
16 21 23 28
16 21 23 33
16 21 23 38
16 21 23 43
16 21 28 33
16 21 28 38
16 21 28 43
16 21 33 38
16 21 33 43
16 21 38 43
16 26 31 36
16 26 31 41
16 26 31 3
16 26 31 8
16 26 31 13
16 26 31 18
16 26 31 23
16 26 31 28
16 26 31 33
16 26 31 38
16 26 31 43
16 26 36 41
16 26 36 3
16 26 36 8
16 26 36 13
16 26 36 18
16 26 36 23
16 26 36 28
16 26 36 33
16 26 36 38
16 26 36 43
16 26 41 3
16 26 41 8
16 26 41 13
16 26 41 18
16 26 41 23
16 26 41 28
16 26 41 33
16 26 41 38
16 26 41 43
16 26 3 8
16 26 3 13
16 26 3 18
16 26 3 23
16 26 3 28
16 26 3 33
16 26 3 38
16 26 3 43
16 26 8 13
16 26 8 18
16 26 8 23
16 26 8 28
16 26 8 33
16 26 8 38
16 26 8 43
16 26 13 18
16 26 13 23
16 26 13 28
16 26 13 33
16 26 13 38
16 26 13 43
16 26 18 23
16 26 18 28
16 26 18 33
16 26 18 38
16 26 18 43
16 26 23 28
16 26 23 33
16 26 23 38
16 26 23 43
16 26 28 33
16 26 28 38
16 26 28 43
16 26 33 38
16 26 33 43
16 26 38 43
16 31 36 41
16 31 36 3
16 31 36 8
16 31 36 13
16 31 36 18
16 31 36 23
16 31 36 28
16 31 36 33
16 31 36 38
16 31 36 43
16 31 41 3
16 31 41 8
16 31 41 13
16 31 41 18
16 31 41 23
16 31 41 28
16 31 41 33
16 31 41 38
16 31 41 43
16 31 3 8
16 31 3 13
16 31 3 18
16 31 3 23
16 31 3 28
16 31 3 33
16 31 3 38
16 31 3 43
16 31 8 13
16 31 8 18
16 31 8 23
16 31 8 28
16 31 8 33
16 31 8 38
16 31 8 43
16 31 13 18
16 31 13 23
16 31 13 28
16 31 13 33
16 31 13 38
16 31 13 43
16 31 18 23
16 31 18 28
16 31 18 33
16 31 18 38
16 31 18 43
16 31 23 28
16 31 23 33
16 31 23 38
16 31 23 43
16 31 28 33
16 31 28 38
16 31 28 43
16 31 33 38
16 31 33 43
16 31 38 43
16 36 41 3
16 36 41 8
16 36 41 13
16 36 41 18
16 36 41 23
16 36 41 28
16 36 41 33
16 36 41 38
16 36 41 43
16 36 3 8
16 36 3 13
16 36 3 18
16 36 3 23
16 36 3 28
16 36 3 33
16 36 3 38
16 36 3 43
16 36 8 13
16 36 8 18
16 36 8 23
16 36 8 28
16 36 8 33
16 36 8 38
16 36 8 43
16 36 13 18
16 36 13 23
16 36 13 28
16 36 13 33
16 36 13 38
16 36 13 43
16 36 18 23
16 36 18 28
16 36 18 33
16 36 18 38
16 36 18 43
16 36 23 28
16 36 23 33
16 36 23 38
16 36 23 43
16 36 28 33
16 36 28 38
16 36 28 43
16 36 33 38
16 36 33 43
16 36 38 43
16 41 3 8
16 41 3 13
16 41 3 18
16 41 3 23
16 41 3 28
16 41 3 33
16 41 3 38
16 41 3 43
16 41 8 13
16 41 8 18
16 41 8 23
16 41 8 28
16 41 8 33
16 41 8 38
16 41 8 43
16 41 13 18
16 41 13 23
16 41 13 28
16 41 13 33
16 41 13 38
16 41 13 43
16 41 18 23
16 41 18 28
16 41 18 33
16 41 18 38
16 41 18 43
16 41 23 28
16 41 23 33
16 41 23 38
16 41 23 43
16 41 28 33
16 41 28 38
16 41 28 43
16 41 33 38
16 41 33 43
16 41 38 43
16 3 8 13
16 3 8 18
16 3 8 23
16 3 8 28
16 3 8 33
16 3 8 38
16 3 8 43
16 3 13 18
16 3 13 23
16 3 13 28
16 3 13 33
16 3 13 38
16 3 13 43
16 3 18 23
16 3 18 28
16 3 18 33
16 3 18 38
16 3 18 43
16 3 23 28
16 3 23 33
16 3 23 38
16 3 23 43
16 3 28 33
16 3 28 38
16 3 28 43
16 3 33 38
16 3 33 43
16 3 38 43
16 8 13 18
16 8 13 23
16 8 13 28
16 8 13 33
16 8 13 38
16 8 13 43
16 8 18 23
16 8 18 28
16 8 18 33
16 8 18 38
16 8 18 43
16 8 23 28
16 8 23 33
16 8 23 38
16 8 23 43
16 8 28 33
16 8 28 38
16 8 28 43
16 8 33 38
16 8 33 43
16 8 38 43
16 13 18 23
16 13 18 28
16 13 18 33
16 13 18 38
16 13 18 43
16 13 23 28
16 13 23 33
16 13 23 38
16 13 23 43
16 13 28 33
16 13 28 38
16 13 28 43
16 13 33 38
16 13 33 43
16 13 38 43
16 18 23 28
16 18 23 33
16 18 23 38
16 18 23 43
16 18 28 33
16 18 28 38
16 18 28 43
16 18 33 38
16 18 33 43
16 18 38 43
16 23 28 33
16 23 28 38
16 23 28 43
16 23 33 38
16 23 33 43
16 23 38 43
16 28 33 38
16 28 33 43
16 28 38 43
16 33 38 43
21 26 31 36
21 26 31 41
21 26 31 3
21 26 31 8
21 26 31 13
21 26 31 18
21 26 31 23
21 26 31 28
21 26 31 33
21 26 31 38
21 26 31 43
21 26 36 41
21 26 36 3
21 26 36 8
21 26 36 13
21 26 36 18
21 26 36 23
21 26 36 28
21 26 36 33
21 26 36 38
21 26 36 43
21 26 41 3
21 26 41 8
21 26 41 13
21 26 41 18
21 26 41 23
21 26 41 28
21 26 41 33
21 26 41 38
21 26 41 43
21 26 3 8
21 26 3 13
21 26 3 18
21 26 3 23
21 26 3 28
21 26 3 33
21 26 3 38
21 26 3 43
21 26 8 13
21 26 8 18
21 26 8 23
21 26 8 28
21 26 8 33
21 26 8 38
21 26 8 43
21 26 13 18
21 26 13 23
21 26 13 28
21 26 13 33
21 26 13 38
21 26 13 43
21 26 18 23
21 26 18 28
21 26 18 33
21 26 18 38
21 26 18 43
21 26 23 28
21 26 23 33
21 26 23 38
21 26 23 43
21 26 28 33
21 26 28 38
21 26 28 43
21 26 33 38
21 26 33 43
21 26 38 43
21 31 36 41
21 31 36 3
21 31 36 8
21 31 36 13
21 31 36 18
21 31 36 23
21 31 36 28
21 31 36 33
21 31 36 38
21 31 36 43
21 31 41 3
21 31 41 8
21 31 41 13
21 31 41 18
21 31 41 23
21 31 41 28
21 31 41 33
21 31 41 38
21 31 41 43
21 31 3 8
21 31 3 13
21 31 3 18
21 31 3 23
21 31 3 28
21 31 3 33
21 31 3 38
21 31 3 43
21 31 8 13
21 31 8 18
21 31 8 23
21 31 8 28
21 31 8 33
21 31 8 38
21 31 8 43
21 31 13 18
21 31 13 23
21 31 13 28
21 31 13 33
21 31 13 38
21 31 13 43
21 31 18 23
21 31 18 28
21 31 18 33
21 31 18 38
21 31 18 43
21 31 23 28
21 31 23 33
21 31 23 38
21 31 23 43
21 31 28 33
21 31 28 38
21 31 28 43
21 31 33 38
21 31 33 43
21 31 38 43
21 36 41 3
21 36 41 8
21 36 41 13
21 36 41 18
21 36 41 23
21 36 41 28
21 36 41 33
21 36 41 38
21 36 41 43
21 36 3 8
21 36 3 13
21 36 3 18
21 36 3 23
21 36 3 28
21 36 3 33
21 36 3 38
21 36 3 43
21 36 8 13
21 36 8 18
21 36 8 23
21 36 8 28
21 36 8 33
21 36 8 38
21 36 8 43
21 36 13 18
21 36 13 23
21 36 13 28
21 36 13 33
21 36 13 38
21 36 13 43
21 36 18 23
21 36 18 28
21 36 18 33
21 36 18 38
21 36 18 43
21 36 23 28
21 36 23 33
21 36 23 38
21 36 23 43
21 36 28 33
21 36 28 38
21 36 28 43
21 36 33 38
21 36 33 43
21 36 38 43
21 41 3 8
21 41 3 13
21 41 3 18
21 41 3 23
21 41 3 28
21 41 3 33
21 41 3 38
21 41 3 43
21 41 8 13
21 41 8 18
21 41 8 23
21 41 8 28
21 41 8 33
21 41 8 38
21 41 8 43
21 41 13 18
21 41 13 23
21 41 13 28
21 41 13 33
21 41 13 38
21 41 13 43
21 41 18 23
21 41 18 28
21 41 18 33
21 41 18 38
21 41 18 43
21 41 23 28
21 41 23 33
21 41 23 38
21 41 23 43
21 41 28 33
21 41 28 38
21 41 28 43
21 41 33 38
21 41 33 43
21 41 38 43
21 3 8 13
21 3 8 18
21 3 8 23
21 3 8 28
21 3 8 33
21 3 8 38
21 3 8 43
21 3 13 18
21 3 13 23
21 3 13 28
21 3 13 33
21 3 13 38
21 3 13 43
21 3 18 23
21 3 18 28
21 3 18 33
21 3 18 38
21 3 18 43
21 3 23 28
21 3 23 33
21 3 23 38
21 3 23 43
21 3 28 33
21 3 28 38
21 3 28 43
21 3 33 38
21 3 33 43
21 3 38 43
21 8 13 18
21 8 13 23
21 8 13 28
21 8 13 33
21 8 13 38
21 8 13 43
21 8 18 23
21 8 18 28
21 8 18 33
21 8 18 38
21 8 18 43
21 8 23 28
21 8 23 33
21 8 23 38
21 8 23 43
21 8 28 33
21 8 28 38
21 8 28 43
21 8 33 38
21 8 33 43
21 8 38 43
21 13 18 23
21 13 18 28
21 13 18 33
21 13 18 38
21 13 18 43
21 13 23 28
21 13 23 33
21 13 23 38
21 13 23 43
21 13 28 33
21 13 28 38
21 13 28 43
21 13 33 38
21 13 33 43
21 13 38 43
21 18 23 28
21 18 23 33
21 18 23 38
21 18 23 43
21 18 28 33
21 18 28 38
21 18 28 43
21 18 33 38
21 18 33 43
21 18 38 43
21 23 28 33
21 23 28 38
21 23 28 43
21 23 33 38
21 23 33 43
21 23 38 43
21 28 33 38
21 28 33 43
21 28 38 43
21 33 38 43
26 31 36 41
26 31 36 3
26 31 36 8
26 31 36 13
26 31 36 18
26 31 36 23
26 31 36 28
26 31 36 33
26 31 36 38
26 31 36 43
26 31 41 3
26 31 41 8
26 31 41 13
26 31 41 18
26 31 41 23
26 31 41 28
26 31 41 33
26 31 41 38
26 31 41 43
26 31 3 8
26 31 3 13
26 31 3 18
26 31 3 23
26 31 3 28
26 31 3 33
26 31 3 38
26 31 3 43
26 31 8 13
26 31 8 18
26 31 8 23
26 31 8 28
26 31 8 33
26 31 8 38
26 31 8 43
26 31 13 18
26 31 13 23
26 31 13 28
26 31 13 33
26 31 13 38
26 31 13 43
26 31 18 23
26 31 18 28
26 31 18 33
26 31 18 38
26 31 18 43
26 31 23 28
26 31 23 33
26 31 23 38
26 31 23 43
26 31 28 33
26 31 28 38
26 31 28 43
26 31 33 38
26 31 33 43
26 31 38 43
26 36 41 3
26 36 41 8
26 36 41 13
26 36 41 18
26 36 41 23
26 36 41 28
26 36 41 33
26 36 41 38
26 36 41 43
26 36 3 8
26 36 3 13
26 36 3 18
26 36 3 23
26 36 3 28
26 36 3 33
26 36 3 38
26 36 3 43
26 36 8 13
26 36 8 18
26 36 8 23
26 36 8 28
26 36 8 33
26 36 8 38
26 36 8 43
26 36 13 18
26 36 13 23
26 36 13 28
26 36 13 33
26 36 13 38
26 36 13 43
26 36 18 23
26 36 18 28
26 36 18 33
26 36 18 38
26 36 18 43
26 36 23 28
26 36 23 33
26 36 23 38
26 36 23 43
26 36 28 33
26 36 28 38
26 36 28 43
26 36 33 38
26 36 33 43
26 36 38 43
26 41 3 8
26 41 3 13
26 41 3 18
26 41 3 23
26 41 3 28
26 41 3 33
26 41 3 38
26 41 3 43
26 41 8 13
26 41 8 18
26 41 8 23
26 41 8 28
26 41 8 33
26 41 8 38
26 41 8 43
26 41 13 18
26 41 13 23
26 41 13 28
26 41 13 33
26 41 13 38
26 41 13 43
26 41 18 23
26 41 18 28
26 41 18 33
26 41 18 38
26 41 18 43
26 41 23 28
26 41 23 33
26 41 23 38
26 41 23 43
26 41 28 33
26 41 28 38
26 41 28 43
26 41 33 38
26 41 33 43
26 41 38 43
26 3 8 13
26 3 8 18
26 3 8 23
26 3 8 28
26 3 8 33
26 3 8 38
26 3 8 43
26 3 13 18
26 3 13 23
26 3 13 28
26 3 13 33
26 3 13 38
26 3 13 43
26 3 18 23
26 3 18 28
26 3 18 33
26 3 18 38
26 3 18 43
26 3 23 28
26 3 23 33
26 3 23 38
26 3 23 43
26 3 28 33
26 3 28 38
26 3 28 43
26 3 33 38
26 3 33 43
26 3 38 43
26 8 13 18
26 8 13 23
26 8 13 28
26 8 13 33
26 8 13 38
26 8 13 43
26 8 18 23
26 8 18 28
26 8 18 33
26 8 18 38
26 8 18 43
26 8 23 28
26 8 23 33
26 8 23 38
26 8 23 43
26 8 28 33
26 8 28 38
26 8 28 43
26 8 33 38
26 8 33 43
26 8 38 43
26 13 18 23
26 13 18 28
26 13 18 33
26 13 18 38
26 13 18 43
26 13 23 28
26 13 23 33
26 13 23 38
26 13 23 43
26 13 28 33
26 13 28 38
26 13 28 43
26 13 33 38
26 13 33 43
26 13 38 43
26 18 23 28
26 18 23 33
26 18 23 38
26 18 23 43
26 18 28 33
26 18 28 38
26 18 28 43
26 18 33 38
26 18 33 43
26 18 38 43
26 23 28 33
26 23 28 38
26 23 28 43
26 23 33 38
26 23 33 43
26 23 38 43
26 28 33 38
26 28 33 43
26 28 38 43
26 33 38 43
31 36 41 3
31 36 41 8
31 36 41 13
31 36 41 18
31 36 41 23
31 36 41 28
31 36 41 33
31 36 41 38
31 36 41 43
31 36 3 8
31 36 3 13
31 36 3 18
31 36 3 23
31 36 3 28
31 36 3 33
31 36 3 38
31 36 3 43
31 36 8 13
31 36 8 18
31 36 8 23
31 36 8 28
31 36 8 33
31 36 8 38
31 36 8 43
31 36 13 18
31 36 13 23
31 36 13 28
31 36 13 33
31 36 13 38
31 36 13 43
31 36 18 23
31 36 18 28
31 36 18 33
31 36 18 38
31 36 18 43
31 36 23 28
31 36 23 33
31 36 23 38
31 36 23 43
31 36 28 33
31 36 28 38
31 36 28 43
31 36 33 38
31 36 33 43
31 36 38 43
31 41 3 8
31 41 3 13
31 41 3 18
31 41 3 23
31 41 3 28
31 41 3 33
31 41 3 38
31 41 3 43
31 41 8 13
31 41 8 18
31 41 8 23
31 41 8 28
31 41 8 33
31 41 8 38
31 41 8 43
31 41 13 18
31 41 13 23
31 41 13 28
31 41 13 33
31 41 13 38
31 41 13 43
31 41 18 23
31 41 18 28
31 41 18 33
31 41 18 38
31 41 18 43
31 41 23 28
31 41 23 33
31 41 23 38
31 41 23 43
31 41 28 33
31 41 28 38
31 41 28 43
31 41 33 38
31 41 33 43
31 41 38 43
31 3 8 13
31 3 8 18
31 3 8 23
31 3 8 28
31 3 8 33
31 3 8 38
31 3 8 43
31 3 13 18
31 3 13 23
31 3 13 28
31 3 13 33
31 3 13 38
31 3 13 43
31 3 18 23
31 3 18 28
31 3 18 33
31 3 18 38
31 3 18 43
31 3 23 28
31 3 23 33
31 3 23 38
31 3 23 43
31 3 28 33
31 3 28 38
31 3 28 43
31 3 33 38
31 3 33 43
31 3 38 43
31 8 13 18
31 8 13 23
31 8 13 28
31 8 13 33
31 8 13 38
31 8 13 43
31 8 18 23
31 8 18 28
31 8 18 33
31 8 18 38
31 8 18 43
31 8 23 28
31 8 23 33
31 8 23 38
31 8 23 43
31 8 28 33
31 8 28 38
31 8 28 43
31 8 33 38
31 8 33 43
31 8 38 43
31 13 18 23
31 13 18 28
31 13 18 33
31 13 18 38
31 13 18 43
31 13 23 28
31 13 23 33
31 13 23 38
31 13 23 43
31 13 28 33
31 13 28 38
31 13 28 43
31 13 33 38
31 13 33 43
31 13 38 43
31 18 23 28
31 18 23 33
31 18 23 38
31 18 23 43
31 18 28 33
31 18 28 38
31 18 28 43
31 18 33 38
31 18 33 43
31 18 38 43
31 23 28 33
31 23 28 38
31 23 28 43
31 23 33 38
31 23 33 43
31 23 38 43
31 28 33 38
31 28 33 43
31 28 38 43
31 33 38 43
36 41 3 8
36 41 3 13
36 41 3 18
36 41 3 23
36 41 3 28
36 41 3 33
36 41 3 38
36 41 3 43
36 41 8 13
36 41 8 18
36 41 8 23
36 41 8 28
36 41 8 33
36 41 8 38
36 41 8 43
36 41 13 18
36 41 13 23
36 41 13 28
36 41 13 33
36 41 13 38
36 41 13 43
36 41 18 23
36 41 18 28
36 41 18 33
36 41 18 38
36 41 18 43
36 41 23 28
36 41 23 33
36 41 23 38
36 41 23 43
36 41 28 33
36 41 28 38
36 41 28 43
36 41 33 38
36 41 33 43
36 41 38 43
36 3 8 13
36 3 8 18
36 3 8 23
36 3 8 28
36 3 8 33
36 3 8 38
36 3 8 43
36 3 13 18
36 3 13 23
36 3 13 28
36 3 13 33
36 3 13 38
36 3 13 43
36 3 18 23
36 3 18 28
36 3 18 33
36 3 18 38
36 3 18 43
36 3 23 28
36 3 23 33
36 3 23 38
36 3 23 43
36 3 28 33
36 3 28 38
36 3 28 43
36 3 33 38
36 3 33 43
36 3 38 43
36 8 13 18
36 8 13 23
36 8 13 28
36 8 13 33
36 8 13 38
36 8 13 43
36 8 18 23
36 8 18 28
36 8 18 33
36 8 18 38
36 8 18 43
36 8 23 28
36 8 23 33
36 8 23 38
36 8 23 43
36 8 28 33
36 8 28 38
36 8 28 43
36 8 33 38
36 8 33 43
36 8 38 43
36 13 18 23
36 13 18 28
36 13 18 33
36 13 18 38
36 13 18 43
36 13 23 28
36 13 23 33
36 13 23 38
36 13 23 43
36 13 28 33
36 13 28 38
36 13 28 43
36 13 33 38
36 13 33 43
36 13 38 43
36 18 23 28
36 18 23 33
36 18 23 38
36 18 23 43
36 18 28 33
36 18 28 38
36 18 28 43
36 18 33 38
36 18 33 43
36 18 38 43
36 23 28 33
36 23 28 38
36 23 28 43
36 23 33 38
36 23 33 43
36 23 38 43
36 28 33 38
36 28 33 43
36 28 38 43
36 33 38 43
41 3 8 13
41 3 8 18
41 3 8 23
41 3 8 28
41 3 8 33
41 3 8 38
41 3 8 43
41 3 13 18
41 3 13 23
41 3 13 28
41 3 13 33
41 3 13 38
41 3 13 43
41 3 18 23
41 3 18 28
41 3 18 33
41 3 18 38
41 3 18 43
41 3 23 28
41 3 23 33
41 3 23 38
41 3 23 43
41 3 28 33
41 3 28 38
41 3 28 43
41 3 33 38
41 3 33 43
41 3 38 43
41 8 13 18
41 8 13 23
41 8 13 28
41 8 13 33
41 8 13 38
41 8 13 43
41 8 18 23
41 8 18 28
41 8 18 33
41 8 18 38
41 8 18 43
41 8 23 28
41 8 23 33
41 8 23 38
41 8 23 43
41 8 28 33
41 8 28 38
41 8 28 43
41 8 33 38
41 8 33 43
41 8 38 43
41 13 18 23
41 13 18 28
41 13 18 33
41 13 18 38
41 13 18 43
41 13 23 28
41 13 23 33
41 13 23 38
41 13 23 43
41 13 28 33
41 13 28 38
41 13 28 43
41 13 33 38
41 13 33 43
41 13 38 43
41 18 23 28
41 18 23 33
41 18 23 38
41 18 23 43
41 18 28 33
41 18 28 38
41 18 28 43
41 18 33 38
41 18 33 43
41 18 38 43
41 23 28 33
41 23 28 38
41 23 28 43
41 23 33 38
41 23 33 43
41 23 38 43
41 28 33 38
41 28 33 43
41 28 38 43
41 33 38 43
3 8 13 18
3 8 13 23
3 8 13 28
3 8 13 33
3 8 13 38
3 8 13 43
3 8 18 23
3 8 18 28
3 8 18 33
3 8 18 38
3 8 18 43
3 8 23 28
3 8 23 33
3 8 23 38
3 8 23 43
3 8 28 33
3 8 28 38
3 8 28 43
3 8 33 38
3 8 33 43
3 8 38 43
3 13 18 23
3 13 18 28
3 13 18 33
3 13 18 38
3 13 18 43
3 13 23 28
3 13 23 33
3 13 23 38
3 13 23 43
3 13 28 33
3 13 28 38
3 13 28 43
3 13 33 38
3 13 33 43
3 13 38 43
3 18 23 28
3 18 23 33
3 18 23 38
3 18 23 43
3 18 28 33
3 18 28 38
3 18 28 43
3 18 33 38
3 18 33 43
3 18 38 43
3 23 28 33
3 23 28 38
3 23 28 43
3 23 33 38
3 23 33 43
3 23 38 43
3 28 33 38
3 28 33 43
3 28 38 43
3 33 38 43
8 13 18 23
8 13 18 28
8 13 18 33
8 13 18 38
8 13 18 43
8 13 23 28
8 13 23 33
8 13 23 38
8 13 23 43
8 13 28 33
8 13 28 38
8 13 28 43
8 13 33 38
8 13 33 43
8 13 38 43
8 18 23 28
8 18 23 33
8 18 23 38
8 18 23 43
8 18 28 33
8 18 28 38
8 18 28 43
8 18 33 38
8 18 33 43
8 18 38 43
8 23 28 33
8 23 28 38
8 23 28 43
8 23 33 38
8 23 33 43
8 23 38 43
8 28 33 38
8 28 33 43
8 28 38 43
8 33 38 43
13 18 23 28
13 18 23 33
13 18 23 38
13 18 23 43
13 18 28 33
13 18 28 38
13 18 28 43
13 18 33 38
13 18 33 43
13 18 38 43
13 23 28 33
13 23 28 38
13 23 28 43
13 23 33 38
13 23 33 43
13 23 38 43
13 28 33 38
13 28 33 43
13 28 38 43
13 33 38 43
18 23 28 33
18 23 28 38
18 23 28 43
18 23 33 38
18 23 33 43
18 23 38 43
18 28 33 38
18 28 33 43
18 28 38 43
18 33 38 43
23 28 33 38
23 28 33 43
23 28 38 43
23 33 38 43
28 33 38 43
