1 6 11 16
1 6 11 21
1 6 11 26
1 6 11 31
1 6 11 36
1 6 11 41
1 6 11 4
1 6 11 9
1 6 11 14
1 6 11 19
1 6 11 24
1 6 11 29
1 6 11 34
1 6 11 39
1 6 11 44
1 6 16 21
1 6 16 26
1 6 16 31
1 6 16 36
1 6 16 41
1 6 16 4
1 6 16 9
1 6 16 14
1 6 16 19
1 6 16 24
1 6 16 29
1 6 16 34
1 6 16 39
1 6 16 44
1 6 21 26
1 6 21 31
1 6 21 36
1 6 21 41
1 6 21 4
1 6 21 9
1 6 21 14
1 6 21 19
1 6 21 24
1 6 21 29
1 6 21 34
1 6 21 39
1 6 21 44
1 6 26 31
1 6 26 36
1 6 26 41
1 6 26 4
1 6 26 9
1 6 26 14
1 6 26 19
1 6 26 24
1 6 26 29
1 6 26 34
1 6 26 39
1 6 26 44
1 6 31 36
1 6 31 41
1 6 31 4
1 6 31 9
1 6 31 14
1 6 31 19
1 6 31 24
1 6 31 29
1 6 31 34
1 6 31 39
1 6 31 44
1 6 36 41
1 6 36 4
1 6 36 9
1 6 36 14
1 6 36 19
1 6 36 24
1 6 36 29
1 6 36 34
1 6 36 39
1 6 36 44
1 6 41 4
1 6 41 9
1 6 41 14
1 6 41 19
1 6 41 24
1 6 41 29
1 6 41 34
1 6 41 39
1 6 41 44
1 6 4 9
1 6 4 14
1 6 4 19
1 6 4 24
1 6 4 29
1 6 4 34
1 6 4 39
1 6 4 44
1 6 9 14
1 6 9 19
1 6 9 24
1 6 9 29
1 6 9 34
1 6 9 39
1 6 9 44
1 6 14 19
1 6 14 24
1 6 14 29
1 6 14 34
1 6 14 39
1 6 14 44
1 6 19 24
1 6 19 29
1 6 19 34
1 6 19 39
1 6 19 44
1 6 24 29
1 6 24 34
1 6 24 39
1 6 24 44
1 6 29 34
1 6 29 39
1 6 29 44
1 6 34 39
1 6 34 44
1 6 39 44
1 11 16 21
1 11 16 26
1 11 16 31
1 11 16 36
1 11 16 41
1 11 16 4
1 11 16 9
1 11 16 14
1 11 16 19
1 11 16 24
1 11 16 29
1 11 16 34
1 11 16 39
1 11 16 44
1 11 21 26
1 11 21 31
1 11 21 36
1 11 21 41
1 11 21 4
1 11 21 9
1 11 21 14
1 11 21 19
1 11 21 24
1 11 21 29
1 11 21 34
1 11 21 39
1 11 21 44
1 11 26 31
1 11 26 36
1 11 26 41
1 11 26 4
1 11 26 9
1 11 26 14
1 11 26 19
1 11 26 24
1 11 26 29
1 11 26 34
1 11 26 39
1 11 26 44
1 11 31 36
1 11 31 41
1 11 31 4
1 11 31 9
1 11 31 14
1 11 31 19
1 11 31 24
1 11 31 29
1 11 31 34
1 11 31 39
1 11 31 44
1 11 36 41
1 11 36 4
1 11 36 9
1 11 36 14
1 11 36 19
1 11 36 24
1 11 36 29
1 11 36 34
1 11 36 39
1 11 36 44
1 11 41 4
1 11 41 9
1 11 41 14
1 11 41 19
1 11 41 24
1 11 41 29
1 11 41 34
1 11 41 39
1 11 41 44
1 11 4 9
1 11 4 14
1 11 4 19
1 11 4 24
1 11 4 29
1 11 4 34
1 11 4 39
1 11 4 44
1 11 9 14
1 11 9 19
1 11 9 24
1 11 9 29
1 11 9 34
1 11 9 39
1 11 9 44
1 11 14 19
1 11 14 24
1 11 14 29
1 11 14 34
1 11 14 39
1 11 14 44
1 11 19 24
1 11 19 29
1 11 19 34
1 11 19 39
1 11 19 44
1 11 24 29
1 11 24 34
1 11 24 39
1 11 24 44
1 11 29 34
1 11 29 39
1 11 29 44
1 11 34 39
1 11 34 44
1 11 39 44
1 16 21 26
1 16 21 31
1 16 21 36
1 16 21 41
1 16 21 4
1 16 21 9
1 16 21 14
1 16 21 19
1 16 21 24
1 16 21 29
1 16 21 34
1 16 21 39
1 16 21 44
1 16 26 31
1 16 26 36
1 16 26 41
1 16 26 4
1 16 26 9
1 16 26 14
1 16 26 19
1 16 26 24
1 16 26 29
1 16 26 34
1 16 26 39
1 16 26 44
1 16 31 36
1 16 31 41
1 16 31 4
1 16 31 9
1 16 31 14
1 16 31 19
1 16 31 24
1 16 31 29
1 16 31 34
1 16 31 39
1 16 31 44
1 16 36 41
1 16 36 4
1 16 36 9
1 16 36 14
1 16 36 19
1 16 36 24
1 16 36 29
1 16 36 34
1 16 36 39
1 16 36 44
1 16 41 4
1 16 41 9
1 16 41 14
1 16 41 19
1 16 41 24
1 16 41 29
1 16 41 34
1 16 41 39
1 16 41 44
1 16 4 9
1 16 4 14
1 16 4 19
1 16 4 24
1 16 4 29
1 16 4 34
1 16 4 39
1 16 4 44
1 16 9 14
1 16 9 19
1 16 9 24
1 16 9 29
1 16 9 34
1 16 9 39
1 16 9 44
1 16 14 19
1 16 14 24
1 16 14 29
1 16 14 34
1 16 14 39
1 16 14 44
1 16 19 24
1 16 19 29
1 16 19 34
1 16 19 39
1 16 19 44
1 16 24 29
1 16 24 34
1 16 24 39
1 16 24 44
1 16 29 34
1 16 29 39
1 16 29 44
1 16 34 39
1 16 34 44
1 16 39 44
1 21 26 31
1 21 26 36
1 21 26 41
1 21 26 4
1 21 26 9
1 21 26 14
1 21 26 19
1 21 26 24
1 21 26 29
1 21 26 34
1 21 26 39
1 21 26 44
1 21 31 36
1 21 31 41
1 21 31 4
1 21 31 9
1 21 31 14
1 21 31 19
1 21 31 24
1 21 31 29
1 21 31 34
1 21 31 39
1 21 31 44
1 21 36 41
1 21 36 4
1 21 36 9
1 21 36 14
1 21 36 19
1 21 36 24
1 21 36 29
1 21 36 34
1 21 36 39
1 21 36 44
1 21 41 4
1 21 41 9
1 21 41 14
1 21 41 19
1 21 41 24
1 21 41 29
1 21 41 34
1 21 41 39
1 21 41 44
1 21 4 9
1 21 4 14
1 21 4 19
1 21 4 24
1 21 4 29
1 21 4 34
1 21 4 39
1 21 4 44
1 21 9 14
1 21 9 19
1 21 9 24
1 21 9 29
1 21 9 34
1 21 9 39
1 21 9 44
1 21 14 19
1 21 14 24
1 21 14 29
1 21 14 34
1 21 14 39
1 21 14 44
1 21 19 24
1 21 19 29
1 21 19 34
1 21 19 39
1 21 19 44
1 21 24 29
1 21 24 34
1 21 24 39
1 21 24 44
1 21 29 34
1 21 29 39
1 21 29 44
1 21 34 39
1 21 34 44
1 21 39 44
1 26 31 36
1 26 31 41
1 26 31 4
1 26 31 9
1 26 31 14
1 26 31 19
1 26 31 24
1 26 31 29
1 26 31 34
1 26 31 39
1 26 31 44
1 26 36 41
1 26 36 4
1 26 36 9
1 26 36 14
1 26 36 19
1 26 36 24
1 26 36 29
1 26 36 34
1 26 36 39
1 26 36 44
1 26 41 4
1 26 41 9
1 26 41 14
1 26 41 19
1 26 41 24
1 26 41 29
1 26 41 34
1 26 41 39
1 26 41 44
1 26 4 9
1 26 4 14
1 26 4 19
1 26 4 24
1 26 4 29
1 26 4 34
1 26 4 39
1 26 4 44
1 26 9 14
1 26 9 19
1 26 9 24
1 26 9 29
1 26 9 34
1 26 9 39
1 26 9 44
1 26 14 19
1 26 14 24
1 26 14 29
1 26 14 34
1 26 14 39
1 26 14 44
1 26 19 24
1 26 19 29
1 26 19 34
1 26 19 39
1 26 19 44
1 26 24 29
1 26 24 34
1 26 24 39
1 26 24 44
1 26 29 34
1 26 29 39
1 26 29 44
1 26 34 39
1 26 34 44
1 26 39 44
1 31 36 41
1 31 36 4
1 31 36 9
1 31 36 14
1 31 36 19
1 31 36 24
1 31 36 29
1 31 36 34
1 31 36 39
1 31 36 44
1 31 41 4
1 31 41 9
1 31 41 14
1 31 41 19
1 31 41 24
1 31 41 29
1 31 41 34
1 31 41 39
1 31 41 44
1 31 4 9
1 31 4 14
1 31 4 19
1 31 4 24
1 31 4 29
1 31 4 34
1 31 4 39
1 31 4 44
1 31 9 14
1 31 9 19
1 31 9 24
1 31 9 29
1 31 9 34
1 31 9 39
1 31 9 44
1 31 14 19
1 31 14 24
1 31 14 29
1 31 14 34
1 31 14 39
1 31 14 44
1 31 19 24
1 31 19 29
1 31 19 34
1 31 19 39
1 31 19 44
1 31 24 29
1 31 24 34
1 31 24 39
1 31 24 44
1 31 29 34
1 31 29 39
1 31 29 44
1 31 34 39
1 31 34 44
1 31 39 44
1 36 41 4
1 36 41 9
1 36 41 14
1 36 41 19
1 36 41 24
1 36 41 29
1 36 41 34
1 36 41 39
1 36 41 44
1 36 4 9
1 36 4 14
1 36 4 19
1 36 4 24
1 36 4 29
1 36 4 34
1 36 4 39
1 36 4 44
1 36 9 14
1 36 9 19
1 36 9 24
1 36 9 29
1 36 9 34
1 36 9 39
1 36 9 44
1 36 14 19
1 36 14 24
1 36 14 29
1 36 14 34
1 36 14 39
1 36 14 44
1 36 19 24
1 36 19 29
1 36 19 34
1 36 19 39
1 36 19 44
1 36 24 29
1 36 24 34
1 36 24 39
1 36 24 44
1 36 29 34
1 36 29 39
1 36 29 44
1 36 34 39
1 36 34 44
1 36 39 44
1 41 4 9
1 41 4 14
1 41 4 19
1 41 4 24
1 41 4 29
1 41 4 34
1 41 4 39
1 41 4 44
1 41 9 14
1 41 9 19
1 41 9 24
1 41 9 29
1 41 9 34
1 41 9 39
1 41 9 44
1 41 14 19
1 41 14 24
1 41 14 29
1 41 14 34
1 41 14 39
1 41 14 44
1 41 19 24
1 41 19 29
1 41 19 34
1 41 19 39
1 41 19 44
1 41 24 29
1 41 24 34
1 41 24 39
1 41 24 44
1 41 29 34
1 41 29 39
1 41 29 44
1 41 34 39
1 41 34 44
1 41 39 44
1 4 9 14
1 4 9 19
1 4 9 24
1 4 9 29
1 4 9 34
1 4 9 39
1 4 9 44
1 4 14 19
1 4 14 24
1 4 14 29
1 4 14 34
1 4 14 39
1 4 14 44
1 4 19 24
1 4 19 29
1 4 19 34
1 4 19 39
1 4 19 44
1 4 24 29
1 4 24 34
1 4 24 39
1 4 24 44
1 4 29 34
1 4 29 39
1 4 29 44
1 4 34 39
1 4 34 44
1 4 39 44
1 9 14 19
1 9 14 24
1 9 14 29
1 9 14 34
1 9 14 39
1 9 14 44
1 9 19 24
1 9 19 29
1 9 19 34
1 9 19 39
1 9 19 44
1 9 24 29
1 9 24 34
1 9 24 39
1 9 24 44
1 9 29 34
1 9 29 39
1 9 29 44
1 9 34 39
1 9 34 44
1 9 39 44
1 14 19 24
1 14 19 29
1 14 19 34
1 14 19 39
1 14 19 44
1 14 24 29
1 14 24 34
1 14 24 39
1 14 24 44
1 14 29 34
1 14 29 39
1 14 29 44
1 14 34 39
1 14 34 44
1 14 39 44
1 19 24 29
1 19 24 34
1 19 24 39
1 19 24 44
1 19 29 34
1 19 29 39
1 19 29 44
1 19 34 39
1 19 34 44
1 19 39 44
1 24 29 34
1 24 29 39
1 24 29 44
1 24 34 39
1 24 34 44
1 24 39 44
1 29 34 39
1 29 34 44
1 29 39 44
1 34 39 44
6 11 16 21
6 11 16 26
6 11 16 31
6 11 16 36
6 11 16 41
6 11 16 4
6 11 16 9
6 11 16 14
6 11 16 19
6 11 16 24
6 11 16 29
6 11 16 34
6 11 16 39
6 11 16 44
6 11 21 26
6 11 21 31
6 11 21 36
6 11 21 41
6 11 21 4
6 11 21 9
6 11 21 14
6 11 21 19
6 11 21 24
6 11 21 29
6 11 21 34
6 11 21 39
6 11 21 44
6 11 26 31
6 11 26 36
6 11 26 41
6 11 26 4
6 11 26 9
6 11 26 14
6 11 26 19
6 11 26 24
6 11 26 29
6 11 26 34
6 11 26 39
6 11 26 44
6 11 31 36
6 11 31 41
6 11 31 4
6 11 31 9
6 11 31 14
6 11 31 19
6 11 31 24
6 11 31 29
6 11 31 34
6 11 31 39
6 11 31 44
6 11 36 41
6 11 36 4
6 11 36 9
6 11 36 14
6 11 36 19
6 11 36 24
6 11 36 29
6 11 36 34
6 11 36 39
6 11 36 44
6 11 41 4
6 11 41 9
6 11 41 14
6 11 41 19
6 11 41 24
6 11 41 29
6 11 41 34
6 11 41 39
6 11 41 44
6 11 4 9
6 11 4 14
6 11 4 19
6 11 4 24
6 11 4 29
6 11 4 34
6 11 4 39
6 11 4 44
6 11 9 14
6 11 9 19
6 11 9 24
6 11 9 29
6 11 9 34
6 11 9 39
6 11 9 44
6 11 14 19
6 11 14 24
6 11 14 29
6 11 14 34
6 11 14 39
6 11 14 44
6 11 19 24
6 11 19 29
6 11 19 34
6 11 19 39
6 11 19 44
6 11 24 29
6 11 24 34
6 11 24 39
6 11 24 44
6 11 29 34
6 11 29 39
6 11 29 44
6 11 34 39
6 11 34 44
6 11 39 44
6 16 21 26
6 16 21 31
6 16 21 36
6 16 21 41
6 16 21 4
6 16 21 9
6 16 21 14
6 16 21 19
6 16 21 24
6 16 21 29
6 16 21 34
6 16 21 39
6 16 21 44
6 16 26 31
6 16 26 36
6 16 26 41
6 16 26 4
6 16 26 9
6 16 26 14
6 16 26 19
6 16 26 24
6 16 26 29
6 16 26 34
6 16 26 39
6 16 26 44
6 16 31 36
6 16 31 41
6 16 31 4
6 16 31 9
6 16 31 14
6 16 31 19
6 16 31 24
6 16 31 29
6 16 31 34
6 16 31 39
6 16 31 44
6 16 36 41
6 16 36 4
6 16 36 9
6 16 36 14
6 16 36 19
6 16 36 24
6 16 36 29
6 16 36 34
6 16 36 39
6 16 36 44
6 16 41 4
6 16 41 9
6 16 41 14
6 16 41 19
6 16 41 24
6 16 41 29
6 16 41 34
6 16 41 39
6 16 41 44
6 16 4 9
6 16 4 14
6 16 4 19
6 16 4 24
6 16 4 29
6 16 4 34
6 16 4 39
6 16 4 44
6 16 9 14
6 16 9 19
6 16 9 24
6 16 9 29
6 16 9 34
6 16 9 39
6 16 9 44
6 16 14 19
6 16 14 24
6 16 14 29
6 16 14 34
6 16 14 39
6 16 14 44
6 16 19 24
6 16 19 29
6 16 19 34
6 16 19 39
6 16 19 44
6 16 24 29
6 16 24 34
6 16 24 39
6 16 24 44
6 16 29 34
6 16 29 39
6 16 29 44
6 16 34 39
6 16 34 44
6 16 39 44
6 21 26 31
6 21 26 36
6 21 26 41
6 21 26 4
6 21 26 9
6 21 26 14
6 21 26 19
6 21 26 24
6 21 26 29
6 21 26 34
6 21 26 39
6 21 26 44
6 21 31 36
6 21 31 41
6 21 31 4
6 21 31 9
6 21 31 14
6 21 31 19
6 21 31 24
6 21 31 29
6 21 31 34
6 21 31 39
6 21 31 44
6 21 36 41
6 21 36 4
6 21 36 9
6 21 36 14
6 21 36 19
6 21 36 24
6 21 36 29
6 21 36 34
6 21 36 39
6 21 36 44
6 21 41 4
6 21 41 9
6 21 41 14
6 21 41 19
6 21 41 24
6 21 41 29
6 21 41 34
6 21 41 39
6 21 41 44
6 21 4 9
6 21 4 14
6 21 4 19
6 21 4 24
6 21 4 29
6 21 4 34
6 21 4 39
6 21 4 44
6 21 9 14
6 21 9 19
6 21 9 24
6 21 9 29
6 21 9 34
6 21 9 39
6 21 9 44
6 21 14 19
6 21 14 24
6 21 14 29
6 21 14 34
6 21 14 39
6 21 14 44
6 21 19 24
6 21 19 29
6 21 19 34
6 21 19 39
6 21 19 44
6 21 24 29
6 21 24 34
6 21 24 39
6 21 24 44
6 21 29 34
6 21 29 39
6 21 29 44
6 21 34 39
6 21 34 44
6 21 39 44
6 26 31 36
6 26 31 41
6 26 31 4
6 26 31 9
6 26 31 14
6 26 31 19
6 26 31 24
6 26 31 29
6 26 31 34
6 26 31 39
6 26 31 44
6 26 36 41
6 26 36 4
6 26 36 9
6 26 36 14
6 26 36 19
6 26 36 24
6 26 36 29
6 26 36 34
6 26 36 39
6 26 36 44
6 26 41 4
6 26 41 9
6 26 41 14
6 26 41 19
6 26 41 24
6 26 41 29
6 26 41 34
6 26 41 39
6 26 41 44
6 26 4 9
6 26 4 14
6 26 4 19
6 26 4 24
6 26 4 29
6 26 4 34
6 26 4 39
6 26 4 44
6 26 9 14
6 26 9 19
6 26 9 24
6 26 9 29
6 26 9 34
6 26 9 39
6 26 9 44
6 26 14 19
6 26 14 24
6 26 14 29
6 26 14 34
6 26 14 39
6 26 14 44
6 26 19 24
6 26 19 29
6 26 19 34
6 26 19 39
6 26 19 44
6 26 24 29
6 26 24 34
6 26 24 39
6 26 24 44
6 26 29 34
6 26 29 39
6 26 29 44
6 26 34 39
6 26 34 44
6 26 39 44
6 31 36 41
6 31 36 4
6 31 36 9
6 31 36 14
6 31 36 19
6 31 36 24
6 31 36 29
6 31 36 34
6 31 36 39
6 31 36 44
6 31 41 4
6 31 41 9
6 31 41 14
6 31 41 19
6 31 41 24
6 31 41 29
6 31 41 34
6 31 41 39
6 31 41 44
6 31 4 9
6 31 4 14
6 31 4 19
6 31 4 24
6 31 4 29
6 31 4 34
6 31 4 39
6 31 4 44
6 31 9 14
6 31 9 19
6 31 9 24
6 31 9 29
6 31 9 34
6 31 9 39
6 31 9 44
6 31 14 19
6 31 14 24
6 31 14 29
6 31 14 34
6 31 14 39
6 31 14 44
6 31 19 24
6 31 19 29
6 31 19 34
6 31 19 39
6 31 19 44
6 31 24 29
6 31 24 34
6 31 24 39
6 31 24 44
6 31 29 34
6 31 29 39
6 31 29 44
6 31 34 39
6 31 34 44
6 31 39 44
6 36 41 4
6 36 41 9
6 36 41 14
6 36 41 19
6 36 41 24
6 36 41 29
6 36 41 34
6 36 41 39
6 36 41 44
6 36 4 9
6 36 4 14
6 36 4 19
6 36 4 24
6 36 4 29
6 36 4 34
6 36 4 39
6 36 4 44
6 36 9 14
6 36 9 19
6 36 9 24
6 36 9 29
6 36 9 34
6 36 9 39
6 36 9 44
6 36 14 19
6 36 14 24
6 36 14 29
6 36 14 34
6 36 14 39
6 36 14 44
6 36 19 24
6 36 19 29
6 36 19 34
6 36 19 39
6 36 19 44
6 36 24 29
6 36 24 34
6 36 24 39
6 36 24 44
6 36 29 34
6 36 29 39
6 36 29 44
6 36 34 39
6 36 34 44
6 36 39 44
6 41 4 9
6 41 4 14
6 41 4 19
6 41 4 24
6 41 4 29
6 41 4 34
6 41 4 39
6 41 4 44
6 41 9 14
6 41 9 19
6 41 9 24
6 41 9 29
6 41 9 34
6 41 9 39
6 41 9 44
6 41 14 19
6 41 14 24
6 41 14 29
6 41 14 34
6 41 14 39
6 41 14 44
6 41 19 24
6 41 19 29
6 41 19 34
6 41 19 39
6 41 19 44
6 41 24 29
6 41 24 34
6 41 24 39
6 41 24 44
6 41 29 34
6 41 29 39
6 41 29 44
6 41 34 39
6 41 34 44
6 41 39 44
6 4 9 14
6 4 9 19
6 4 9 24
6 4 9 29
6 4 9 34
6 4 9 39
6 4 9 44
6 4 14 19
6 4 14 24
6 4 14 29
6 4 14 34
6 4 14 39
6 4 14 44
6 4 19 24
6 4 19 29
6 4 19 34
6 4 19 39
6 4 19 44
6 4 24 29
6 4 24 34
6 4 24 39
6 4 24 44
6 4 29 34
6 4 29 39
6 4 29 44
6 4 34 39
6 4 34 44
6 4 39 44
6 9 14 19
6 9 14 24
6 9 14 29
6 9 14 34
6 9 14 39
6 9 14 44
6 9 19 24
6 9 19 29
6 9 19 34
6 9 19 39
6 9 19 44
6 9 24 29
6 9 24 34
6 9 24 39
6 9 24 44
6 9 29 34
6 9 29 39
6 9 29 44
6 9 34 39
6 9 34 44
6 9 39 44
6 14 19 24
6 14 19 29
6 14 19 34
6 14 19 39
6 14 19 44
6 14 24 29
6 14 24 34
6 14 24 39
6 14 24 44
6 14 29 34
6 14 29 39
6 14 29 44
6 14 34 39
6 14 34 44
6 14 39 44
6 19 24 29
6 19 24 34
6 19 24 39
6 19 24 44
6 19 29 34
6 19 29 39
6 19 29 44
6 19 34 39
6 19 34 44
6 19 39 44
6 24 29 34
6 24 29 39
6 24 29 44
6 24 34 39
6 24 34 44
6 24 39 44
6 29 34 39
6 29 34 44
6 29 39 44
6 34 39 44
11 16 21 26
11 16 21 31
11 16 21 36
11 16 21 41
11 16 21 4
11 16 21 9
11 16 21 14
11 16 21 19
11 16 21 24
11 16 21 29
11 16 21 34
11 16 21 39
11 16 21 44
11 16 26 31
11 16 26 36
11 16 26 41
11 16 26 4
11 16 26 9
11 16 26 14
11 16 26 19
11 16 26 24
11 16 26 29
11 16 26 34
11 16 26 39
11 16 26 44
11 16 31 36
11 16 31 41
11 16 31 4
11 16 31 9
11 16 31 14
11 16 31 19
11 16 31 24
11 16 31 29
11 16 31 34
11 16 31 39
11 16 31 44
11 16 36 41
11 16 36 4
11 16 36 9
11 16 36 14
11 16 36 19
11 16 36 24
11 16 36 29
11 16 36 34
11 16 36 39
11 16 36 44
11 16 41 4
11 16 41 9
11 16 41 14
11 16 41 19
11 16 41 24
11 16 41 29
11 16 41 34
11 16 41 39
11 16 41 44
11 16 4 9
11 16 4 14
11 16 4 19
11 16 4 24
11 16 4 29
11 16 4 34
11 16 4 39
11 16 4 44
11 16 9 14
11 16 9 19
11 16 9 24
11 16 9 29
11 16 9 34
11 16 9 39
11 16 9 44
11 16 14 19
11 16 14 24
11 16 14 29
11 16 14 34
11 16 14 39
11 16 14 44
11 16 19 24
11 16 19 29
11 16 19 34
11 16 19 39
11 16 19 44
11 16 24 29
11 16 24 34
11 16 24 39
11 16 24 44
11 16 29 34
11 16 29 39
11 16 29 44
11 16 34 39
11 16 34 44
11 16 39 44
11 21 26 31
11 21 26 36
11 21 26 41
11 21 26 4
11 21 26 9
11 21 26 14
11 21 26 19
11 21 26 24
11 21 26 29
11 21 26 34
11 21 26 39
11 21 26 44
11 21 31 36
11 21 31 41
11 21 31 4
11 21 31 9
11 21 31 14
11 21 31 19
11 21 31 24
11 21 31 29
11 21 31 34
11 21 31 39
11 21 31 44
11 21 36 41
11 21 36 4
11 21 36 9
11 21 36 14
11 21 36 19
11 21 36 24
11 21 36 29
11 21 36 34
11 21 36 39
11 21 36 44
11 21 41 4
11 21 41 9
11 21 41 14
11 21 41 19
11 21 41 24
11 21 41 29
11 21 41 34
11 21 41 39
11 21 41 44
11 21 4 9
11 21 4 14
11 21 4 19
11 21 4 24
11 21 4 29
11 21 4 34
11 21 4 39
11 21 4 44
11 21 9 14
11 21 9 19
11 21 9 24
11 21 9 29
11 21 9 34
11 21 9 39
11 21 9 44
11 21 14 19
11 21 14 24
11 21 14 29
11 21 14 34
11 21 14 39
11 21 14 44
11 21 19 24
11 21 19 29
11 21 19 34
11 21 19 39
11 21 19 44
11 21 24 29
11 21 24 34
11 21 24 39
11 21 24 44
11 21 29 34
11 21 29 39
11 21 29 44
11 21 34 39
11 21 34 44
11 21 39 44
11 26 31 36
11 26 31 41
11 26 31 4
11 26 31 9
11 26 31 14
11 26 31 19
11 26 31 24
11 26 31 29
11 26 31 34
11 26 31 39
11 26 31 44
11 26 36 41
11 26 36 4
11 26 36 9
11 26 36 14
11 26 36 19
11 26 36 24
11 26 36 29
11 26 36 34
11 26 36 39
11 26 36 44
11 26 41 4
11 26 41 9
11 26 41 14
11 26 41 19
11 26 41 24
11 26 41 29
11 26 41 34
11 26 41 39
11 26 41 44
11 26 4 9
11 26 4 14
11 26 4 19
11 26 4 24
11 26 4 29
11 26 4 34
11 26 4 39
11 26 4 44
11 26 9 14
11 26 9 19
11 26 9 24
11 26 9 29
11 26 9 34
11 26 9 39
11 26 9 44
11 26 14 19
11 26 14 24
11 26 14 29
11 26 14 34
11 26 14 39
11 26 14 44
11 26 19 24
11 26 19 29
11 26 19 34
11 26 19 39
11 26 19 44
11 26 24 29
11 26 24 34
11 26 24 39
11 26 24 44
11 26 29 34
11 26 29 39
11 26 29 44
11 26 34 39
11 26 34 44
11 26 39 44
11 31 36 41
11 31 36 4
11 31 36 9
11 31 36 14
11 31 36 19
11 31 36 24
11 31 36 29
11 31 36 34
11 31 36 39
11 31 36 44
11 31 41 4
11 31 41 9
11 31 41 14
11 31 41 19
11 31 41 24
11 31 41 29
11 31 41 34
11 31 41 39
11 31 41 44
11 31 4 9
11 31 4 14
11 31 4 19
11 31 4 24
11 31 4 29
11 31 4 34
11 31 4 39
11 31 4 44
11 31 9 14
11 31 9 19
11 31 9 24
11 31 9 29
11 31 9 34
11 31 9 39
11 31 9 44
11 31 14 19
11 31 14 24
11 31 14 29
11 31 14 34
11 31 14 39
11 31 14 44
11 31 19 24
11 31 19 29
11 31 19 34
11 31 19 39
11 31 19 44
11 31 24 29
11 31 24 34
11 31 24 39
11 31 24 44
11 31 29 34
11 31 29 39
11 31 29 44
11 31 34 39
11 31 34 44
11 31 39 44
11 36 41 4
11 36 41 9
11 36 41 14
11 36 41 19
11 36 41 24
11 36 41 29
11 36 41 34
11 36 41 39
11 36 41 44
11 36 4 9
11 36 4 14
11 36 4 19
11 36 4 24
11 36 4 29
11 36 4 34
11 36 4 39
11 36 4 44
11 36 9 14
11 36 9 19
11 36 9 24
11 36 9 29
11 36 9 34
11 36 9 39
11 36 9 44
11 36 14 19
11 36 14 24
11 36 14 29
11 36 14 34
11 36 14 39
11 36 14 44
11 36 19 24
11 36 19 29
11 36 19 34
11 36 19 39
11 36 19 44
11 36 24 29
11 36 24 34
11 36 24 39
11 36 24 44
11 36 29 34
11 36 29 39
11 36 29 44
11 36 34 39
11 36 34 44
11 36 39 44
11 41 4 9
11 41 4 14
11 41 4 19
11 41 4 24
11 41 4 29
11 41 4 34
11 41 4 39
11 41 4 44
11 41 9 14
11 41 9 19
11 41 9 24
11 41 9 29
11 41 9 34
11 41 9 39
11 41 9 44
11 41 14 19
11 41 14 24
11 41 14 29
11 41 14 34
11 41 14 39
11 41 14 44
11 41 19 24
11 41 19 29
11 41 19 34
11 41 19 39
11 41 19 44
11 41 24 29
11 41 24 34
11 41 24 39
11 41 24 44
11 41 29 34
11 41 29 39
11 41 29 44
11 41 34 39
11 41 34 44
11 41 39 44
11 4 9 14
11 4 9 19
11 4 9 24
11 4 9 29
11 4 9 34
11 4 9 39
11 4 9 44
11 4 14 19
11 4 14 24
11 4 14 29
11 4 14 34
11 4 14 39
11 4 14 44
11 4 19 24
11 4 19 29
11 4 19 34
11 4 19 39
11 4 19 44
11 4 24 29
11 4 24 34
11 4 24 39
11 4 24 44
11 4 29 34
11 4 29 39
11 4 29 44
11 4 34 39
11 4 34 44
11 4 39 44
11 9 14 19
11 9 14 24
11 9 14 29
11 9 14 34
11 9 14 39
11 9 14 44
11 9 19 24
11 9 19 29
11 9 19 34
11 9 19 39
11 9 19 44
11 9 24 29
11 9 24 34
11 9 24 39
11 9 24 44
11 9 29 34
11 9 29 39
11 9 29 44
11 9 34 39
11 9 34 44
11 9 39 44
11 14 19 24
11 14 19 29
11 14 19 34
11 14 19 39
11 14 19 44
11 14 24 29
11 14 24 34
11 14 24 39
11 14 24 44
11 14 29 34
11 14 29 39
11 14 29 44
11 14 34 39
11 14 34 44
11 14 39 44
11 19 24 29
11 19 24 34
11 19 24 39
11 19 24 44
11 19 29 34
11 19 29 39
11 19 29 44
11 19 34 39
11 19 34 44
11 19 39 44
11 24 29 34
11 24 29 39
11 24 29 44
11 24 34 39
11 24 34 44
11 24 39 44
11 29 34 39
11 29 34 44
11 29 39 44
11 34 39 44
16 21 26 31
16 21 26 36
16 21 26 41
16 21 26 4
16 21 26 9
16 21 26 14
16 21 26 19
16 21 26 24
16 21 26 29
16 21 26 34
16 21 26 39
16 21 26 44
16 21 31 36
16 21 31 41
16 21 31 4
16 21 31 9
16 21 31 14
16 21 31 19
16 21 31 24
16 21 31 29
16 21 31 34
16 21 31 39
16 21 31 44
16 21 36 41
16 21 36 4
16 21 36 9
16 21 36 14
16 21 36 19
16 21 36 24
16 21 36 29
16 21 36 34
16 21 36 39
16 21 36 44
16 21 41 4
16 21 41 9
16 21 41 14
16 21 41 19
16 21 41 24
16 21 41 29
16 21 41 34
16 21 41 39
16 21 41 44
16 21 4 9
16 21 4 14
16 21 4 19
16 21 4 24
16 21 4 29
16 21 4 34
16 21 4 39
16 21 4 44
16 21 9 14
16 21 9 19
16 21 9 24
16 21 9 29
16 21 9 34
16 21 9 39
16 21 9 44
16 21 14 19
16 21 14 24
16 21 14 29
16 21 14 34
16 21 14 39
16 21 14 44
16 21 19 24
16 21 19 29
16 21 19 34
16 21 19 39
16 21 19 44
16 21 24 29
16 21 24 34
16 21 24 39
16 21 24 44
16 21 29 34
16 21 29 39
16 21 29 44
16 21 34 39
16 21 34 44
16 21 39 44
16 26 31 36
16 26 31 41
16 26 31 4
16 26 31 9
16 26 31 14
16 26 31 19
16 26 31 24
16 26 31 29
16 26 31 34
16 26 31 39
16 26 31 44
16 26 36 41
16 26 36 4
16 26 36 9
16 26 36 14
16 26 36 19
16 26 36 24
16 26 36 29
16 26 36 34
16 26 36 39
16 26 36 44
16 26 41 4
16 26 41 9
16 26 41 14
16 26 41 19
16 26 41 24
16 26 41 29
16 26 41 34
16 26 41 39
16 26 41 44
16 26 4 9
16 26 4 14
16 26 4 19
16 26 4 24
16 26 4 29
16 26 4 34
16 26 4 39
16 26 4 44
16 26 9 14
16 26 9 19
16 26 9 24
16 26 9 29
16 26 9 34
16 26 9 39
16 26 9 44
16 26 14 19
16 26 14 24
16 26 14 29
16 26 14 34
16 26 14 39
16 26 14 44
16 26 19 24
16 26 19 29
16 26 19 34
16 26 19 39
16 26 19 44
16 26 24 29
16 26 24 34
16 26 24 39
16 26 24 44
16 26 29 34
16 26 29 39
16 26 29 44
16 26 34 39
16 26 34 44
16 26 39 44
16 31 36 41
16 31 36 4
16 31 36 9
16 31 36 14
16 31 36 19
16 31 36 24
16 31 36 29
16 31 36 34
16 31 36 39
16 31 36 44
16 31 41 4
16 31 41 9
16 31 41 14
16 31 41 19
16 31 41 24
16 31 41 29
16 31 41 34
16 31 41 39
16 31 41 44
16 31 4 9
16 31 4 14
16 31 4 19
16 31 4 24
16 31 4 29
16 31 4 34
16 31 4 39
16 31 4 44
16 31 9 14
16 31 9 19
16 31 9 24
16 31 9 29
16 31 9 34
16 31 9 39
16 31 9 44
16 31 14 19
16 31 14 24
16 31 14 29
16 31 14 34
16 31 14 39
16 31 14 44
16 31 19 24
16 31 19 29
16 31 19 34
16 31 19 39
16 31 19 44
16 31 24 29
16 31 24 34
16 31 24 39
16 31 24 44
16 31 29 34
16 31 29 39
16 31 29 44
16 31 34 39
16 31 34 44
16 31 39 44
16 36 41 4
16 36 41 9
16 36 41 14
16 36 41 19
16 36 41 24
16 36 41 29
16 36 41 34
16 36 41 39
16 36 41 44
16 36 4 9
16 36 4 14
16 36 4 19
16 36 4 24
16 36 4 29
16 36 4 34
16 36 4 39
16 36 4 44
16 36 9 14
16 36 9 19
16 36 9 24
16 36 9 29
16 36 9 34
16 36 9 39
16 36 9 44
16 36 14 19
16 36 14 24
16 36 14 29
16 36 14 34
16 36 14 39
16 36 14 44
16 36 19 24
16 36 19 29
16 36 19 34
16 36 19 39
16 36 19 44
16 36 24 29
16 36 24 34
16 36 24 39
16 36 24 44
16 36 29 34
16 36 29 39
16 36 29 44
16 36 34 39
16 36 34 44
16 36 39 44
16 41 4 9
16 41 4 14
16 41 4 19
16 41 4 24
16 41 4 29
16 41 4 34
16 41 4 39
16 41 4 44
16 41 9 14
16 41 9 19
16 41 9 24
16 41 9 29
16 41 9 34
16 41 9 39
16 41 9 44
16 41 14 19
16 41 14 24
16 41 14 29
16 41 14 34
16 41 14 39
16 41 14 44
16 41 19 24
16 41 19 29
16 41 19 34
16 41 19 39
16 41 19 44
16 41 24 29
16 41 24 34
16 41 24 39
16 41 24 44
16 41 29 34
16 41 29 39
16 41 29 44
16 41 34 39
16 41 34 44
16 41 39 44
16 4 9 14
16 4 9 19
16 4 9 24
16 4 9 29
16 4 9 34
16 4 9 39
16 4 9 44
16 4 14 19
16 4 14 24
16 4 14 29
16 4 14 34
16 4 14 39
16 4 14 44
16 4 19 24
16 4 19 29
16 4 19 34
16 4 19 39
16 4 19 44
16 4 24 29
16 4 24 34
16 4 24 39
16 4 24 44
16 4 29 34
16 4 29 39
16 4 29 44
16 4 34 39
16 4 34 44
16 4 39 44
16 9 14 19
16 9 14 24
16 9 14 29
16 9 14 34
16 9 14 39
16 9 14 44
16 9 19 24
16 9 19 29
16 9 19 34
16 9 19 39
16 9 19 44
16 9 24 29
16 9 24 34
16 9 24 39
16 9 24 44
16 9 29 34
16 9 29 39
16 9 29 44
16 9 34 39
16 9 34 44
16 9 39 44
16 14 19 24
16 14 19 29
16 14 19 34
16 14 19 39
16 14 19 44
16 14 24 29
16 14 24 34
16 14 24 39
16 14 24 44
16 14 29 34
16 14 29 39
16 14 29 44
16 14 34 39
16 14 34 44
16 14 39 44
16 19 24 29
16 19 24 34
16 19 24 39
16 19 24 44
16 19 29 34
16 19 29 39
16 19 29 44
16 19 34 39
16 19 34 44
16 19 39 44
16 24 29 34
16 24 29 39
16 24 29 44
16 24 34 39
16 24 34 44
16 24 39 44
16 29 34 39
16 29 34 44
16 29 39 44
16 34 39 44
21 26 31 36
21 26 31 41
21 26 31 4
21 26 31 9
21 26 31 14
21 26 31 19
21 26 31 24
21 26 31 29
21 26 31 34
21 26 31 39
21 26 31 44
21 26 36 41
21 26 36 4
21 26 36 9
21 26 36 14
21 26 36 19
21 26 36 24
21 26 36 29
21 26 36 34
21 26 36 39
21 26 36 44
21 26 41 4
21 26 41 9
21 26 41 14
21 26 41 19
21 26 41 24
21 26 41 29
21 26 41 34
21 26 41 39
21 26 41 44
21 26 4 9
21 26 4 14
21 26 4 19
21 26 4 24
21 26 4 29
21 26 4 34
21 26 4 39
21 26 4 44
21 26 9 14
21 26 9 19
21 26 9 24
21 26 9 29
21 26 9 34
21 26 9 39
21 26 9 44
21 26 14 19
21 26 14 24
21 26 14 29
21 26 14 34
21 26 14 39
21 26 14 44
21 26 19 24
21 26 19 29
21 26 19 34
21 26 19 39
21 26 19 44
21 26 24 29
21 26 24 34
21 26 24 39
21 26 24 44
21 26 29 34
21 26 29 39
21 26 29 44
21 26 34 39
21 26 34 44
21 26 39 44
21 31 36 41
21 31 36 4
21 31 36 9
21 31 36 14
21 31 36 19
21 31 36 24
21 31 36 29
21 31 36 34
21 31 36 39
21 31 36 44
21 31 41 4
21 31 41 9
21 31 41 14
21 31 41 19
21 31 41 24
21 31 41 29
21 31 41 34
21 31 41 39
21 31 41 44
21 31 4 9
21 31 4 14
21 31 4 19
21 31 4 24
21 31 4 29
21 31 4 34
21 31 4 39
21 31 4 44
21 31 9 14
21 31 9 19
21 31 9 24
21 31 9 29
21 31 9 34
21 31 9 39
21 31 9 44
21 31 14 19
21 31 14 24
21 31 14 29
21 31 14 34
21 31 14 39
21 31 14 44
21 31 19 24
21 31 19 29
21 31 19 34
21 31 19 39
21 31 19 44
21 31 24 29
21 31 24 34
21 31 24 39
21 31 24 44
21 31 29 34
21 31 29 39
21 31 29 44
21 31 34 39
21 31 34 44
21 31 39 44
21 36 41 4
21 36 41 9
21 36 41 14
21 36 41 19
21 36 41 24
21 36 41 29
21 36 41 34
21 36 41 39
21 36 41 44
21 36 4 9
21 36 4 14
21 36 4 19
21 36 4 24
21 36 4 29
21 36 4 34
21 36 4 39
21 36 4 44
21 36 9 14
21 36 9 19
21 36 9 24
21 36 9 29
21 36 9 34
21 36 9 39
21 36 9 44
21 36 14 19
21 36 14 24
21 36 14 29
21 36 14 34
21 36 14 39
21 36 14 44
21 36 19 24
21 36 19 29
21 36 19 34
21 36 19 39
21 36 19 44
21 36 24 29
21 36 24 34
21 36 24 39
21 36 24 44
21 36 29 34
21 36 29 39
21 36 29 44
21 36 34 39
21 36 34 44
21 36 39 44
21 41 4 9
21 41 4 14
21 41 4 19
21 41 4 24
21 41 4 29
21 41 4 34
21 41 4 39
21 41 4 44
21 41 9 14
21 41 9 19
21 41 9 24
21 41 9 29
21 41 9 34
21 41 9 39
21 41 9 44
21 41 14 19
21 41 14 24
21 41 14 29
21 41 14 34
21 41 14 39
21 41 14 44
21 41 19 24
21 41 19 29
21 41 19 34
21 41 19 39
21 41 19 44
21 41 24 29
21 41 24 34
21 41 24 39
21 41 24 44
21 41 29 34
21 41 29 39
21 41 29 44
21 41 34 39
21 41 34 44
21 41 39 44
21 4 9 14
21 4 9 19
21 4 9 24
21 4 9 29
21 4 9 34
21 4 9 39
21 4 9 44
21 4 14 19
21 4 14 24
21 4 14 29
21 4 14 34
21 4 14 39
21 4 14 44
21 4 19 24
21 4 19 29
21 4 19 34
21 4 19 39
21 4 19 44
21 4 24 29
21 4 24 34
21 4 24 39
21 4 24 44
21 4 29 34
21 4 29 39
21 4 29 44
21 4 34 39
21 4 34 44
21 4 39 44
21 9 14 19
21 9 14 24
21 9 14 29
21 9 14 34
21 9 14 39
21 9 14 44
21 9 19 24
21 9 19 29
21 9 19 34
21 9 19 39
21 9 19 44
21 9 24 29
21 9 24 34
21 9 24 39
21 9 24 44
21 9 29 34
21 9 29 39
21 9 29 44
21 9 34 39
21 9 34 44
21 9 39 44
21 14 19 24
21 14 19 29
21 14 19 34
21 14 19 39
21 14 19 44
21 14 24 29
21 14 24 34
21 14 24 39
21 14 24 44
21 14 29 34
21 14 29 39
21 14 29 44
21 14 34 39
21 14 34 44
21 14 39 44
21 19 24 29
21 19 24 34
21 19 24 39
21 19 24 44
21 19 29 34
21 19 29 39
21 19 29 44
21 19 34 39
21 19 34 44
21 19 39 44
21 24 29 34
21 24 29 39
21 24 29 44
21 24 34 39
21 24 34 44
21 24 39 44
21 29 34 39
21 29 34 44
21 29 39 44
21 34 39 44
26 31 36 41
26 31 36 4
26 31 36 9
26 31 36 14
26 31 36 19
26 31 36 24
26 31 36 29
26 31 36 34
26 31 36 39
26 31 36 44
26 31 41 4
26 31 41 9
26 31 41 14
26 31 41 19
26 31 41 24
26 31 41 29
26 31 41 34
26 31 41 39
26 31 41 44
26 31 4 9
26 31 4 14
26 31 4 19
26 31 4 24
26 31 4 29
26 31 4 34
26 31 4 39
26 31 4 44
26 31 9 14
26 31 9 19
26 31 9 24
26 31 9 29
26 31 9 34
26 31 9 39
26 31 9 44
26 31 14 19
26 31 14 24
26 31 14 29
26 31 14 34
26 31 14 39
26 31 14 44
26 31 19 24
26 31 19 29
26 31 19 34
26 31 19 39
26 31 19 44
26 31 24 29
26 31 24 34
26 31 24 39
26 31 24 44
26 31 29 34
26 31 29 39
26 31 29 44
26 31 34 39
26 31 34 44
26 31 39 44
26 36 41 4
26 36 41 9
26 36 41 14
26 36 41 19
26 36 41 24
26 36 41 29
26 36 41 34
26 36 41 39
26 36 41 44
26 36 4 9
26 36 4 14
26 36 4 19
26 36 4 24
26 36 4 29
26 36 4 34
26 36 4 39
26 36 4 44
26 36 9 14
26 36 9 19
26 36 9 24
26 36 9 29
26 36 9 34
26 36 9 39
26 36 9 44
26 36 14 19
26 36 14 24
26 36 14 29
26 36 14 34
26 36 14 39
26 36 14 44
26 36 19 24
26 36 19 29
26 36 19 34
26 36 19 39
26 36 19 44
26 36 24 29
26 36 24 34
26 36 24 39
26 36 24 44
26 36 29 34
26 36 29 39
26 36 29 44
26 36 34 39
26 36 34 44
26 36 39 44
26 41 4 9
26 41 4 14
26 41 4 19
26 41 4 24
26 41 4 29
26 41 4 34
26 41 4 39
26 41 4 44
26 41 9 14
26 41 9 19
26 41 9 24
26 41 9 29
26 41 9 34
26 41 9 39
26 41 9 44
26 41 14 19
26 41 14 24
26 41 14 29
26 41 14 34
26 41 14 39
26 41 14 44
26 41 19 24
26 41 19 29
26 41 19 34
26 41 19 39
26 41 19 44
26 41 24 29
26 41 24 34
26 41 24 39
26 41 24 44
26 41 29 34
26 41 29 39
26 41 29 44
26 41 34 39
26 41 34 44
26 41 39 44
26 4 9 14
26 4 9 19
26 4 9 24
26 4 9 29
26 4 9 34
26 4 9 39
26 4 9 44
26 4 14 19
26 4 14 24
26 4 14 29
26 4 14 34
26 4 14 39
26 4 14 44
26 4 19 24
26 4 19 29
26 4 19 34
26 4 19 39
26 4 19 44
26 4 24 29
26 4 24 34
26 4 24 39
26 4 24 44
26 4 29 34
26 4 29 39
26 4 29 44
26 4 34 39
26 4 34 44
26 4 39 44
26 9 14 19
26 9 14 24
26 9 14 29
26 9 14 34
26 9 14 39
26 9 14 44
26 9 19 24
26 9 19 29
26 9 19 34
26 9 19 39
26 9 19 44
26 9 24 29
26 9 24 34
26 9 24 39
26 9 24 44
26 9 29 34
26 9 29 39
26 9 29 44
26 9 34 39
26 9 34 44
26 9 39 44
26 14 19 24
26 14 19 29
26 14 19 34
26 14 19 39
26 14 19 44
26 14 24 29
26 14 24 34
26 14 24 39
26 14 24 44
26 14 29 34
26 14 29 39
26 14 29 44
26 14 34 39
26 14 34 44
26 14 39 44
26 19 24 29
26 19 24 34
26 19 24 39
26 19 24 44
26 19 29 34
26 19 29 39
26 19 29 44
26 19 34 39
26 19 34 44
26 19 39 44
26 24 29 34
26 24 29 39
26 24 29 44
26 24 34 39
26 24 34 44
26 24 39 44
26 29 34 39
26 29 34 44
26 29 39 44
26 34 39 44
31 36 41 4
31 36 41 9
31 36 41 14
31 36 41 19
31 36 41 24
31 36 41 29
31 36 41 34
31 36 41 39
31 36 41 44
31 36 4 9
31 36 4 14
31 36 4 19
31 36 4 24
31 36 4 29
31 36 4 34
31 36 4 39
31 36 4 44
31 36 9 14
31 36 9 19
31 36 9 24
31 36 9 29
31 36 9 34
31 36 9 39
31 36 9 44
31 36 14 19
31 36 14 24
31 36 14 29
31 36 14 34
31 36 14 39
31 36 14 44
31 36 19 24
31 36 19 29
31 36 19 34
31 36 19 39
31 36 19 44
31 36 24 29
31 36 24 34
31 36 24 39
31 36 24 44
31 36 29 34
31 36 29 39
31 36 29 44
31 36 34 39
31 36 34 44
31 36 39 44
31 41 4 9
31 41 4 14
31 41 4 19
31 41 4 24
31 41 4 29
31 41 4 34
31 41 4 39
31 41 4 44
31 41 9 14
31 41 9 19
31 41 9 24
31 41 9 29
31 41 9 34
31 41 9 39
31 41 9 44
31 41 14 19
31 41 14 24
31 41 14 29
31 41 14 34
31 41 14 39
31 41 14 44
31 41 19 24
31 41 19 29
31 41 19 34
31 41 19 39
31 41 19 44
31 41 24 29
31 41 24 34
31 41 24 39
31 41 24 44
31 41 29 34
31 41 29 39
31 41 29 44
31 41 34 39
31 41 34 44
31 41 39 44
31 4 9 14
31 4 9 19
31 4 9 24
31 4 9 29
31 4 9 34
31 4 9 39
31 4 9 44
31 4 14 19
31 4 14 24
31 4 14 29
31 4 14 34
31 4 14 39
31 4 14 44
31 4 19 24
31 4 19 29
31 4 19 34
31 4 19 39
31 4 19 44
31 4 24 29
31 4 24 34
31 4 24 39
31 4 24 44
31 4 29 34
31 4 29 39
31 4 29 44
31 4 34 39
31 4 34 44
31 4 39 44
31 9 14 19
31 9 14 24
31 9 14 29
31 9 14 34
31 9 14 39
31 9 14 44
31 9 19 24
31 9 19 29
31 9 19 34
31 9 19 39
31 9 19 44
31 9 24 29
31 9 24 34
31 9 24 39
31 9 24 44
31 9 29 34
31 9 29 39
31 9 29 44
31 9 34 39
31 9 34 44
31 9 39 44
31 14 19 24
31 14 19 29
31 14 19 34
31 14 19 39
31 14 19 44
31 14 24 29
31 14 24 34
31 14 24 39
31 14 24 44
31 14 29 34
31 14 29 39
31 14 29 44
31 14 34 39
31 14 34 44
31 14 39 44
31 19 24 29
31 19 24 34
31 19 24 39
31 19 24 44
31 19 29 34
31 19 29 39
31 19 29 44
31 19 34 39
31 19 34 44
31 19 39 44
31 24 29 34
31 24 29 39
31 24 29 44
31 24 34 39
31 24 34 44
31 24 39 44
31 29 34 39
31 29 34 44
31 29 39 44
31 34 39 44
36 41 4 9
36 41 4 14
36 41 4 19
36 41 4 24
36 41 4 29
36 41 4 34
36 41 4 39
36 41 4 44
36 41 9 14
36 41 9 19
36 41 9 24
36 41 9 29
36 41 9 34
36 41 9 39
36 41 9 44
36 41 14 19
36 41 14 24
36 41 14 29
36 41 14 34
36 41 14 39
36 41 14 44
36 41 19 24
36 41 19 29
36 41 19 34
36 41 19 39
36 41 19 44
36 41 24 29
36 41 24 34
36 41 24 39
36 41 24 44
36 41 29 34
36 41 29 39
36 41 29 44
36 41 34 39
36 41 34 44
36 41 39 44
36 4 9 14
36 4 9 19
36 4 9 24
36 4 9 29
36 4 9 34
36 4 9 39
36 4 9 44
36 4 14 19
36 4 14 24
36 4 14 29
36 4 14 34
36 4 14 39
36 4 14 44
36 4 19 24
36 4 19 29
36 4 19 34
36 4 19 39
36 4 19 44
36 4 24 29
36 4 24 34
36 4 24 39
36 4 24 44
36 4 29 34
36 4 29 39
36 4 29 44
36 4 34 39
36 4 34 44
36 4 39 44
36 9 14 19
36 9 14 24
36 9 14 29
36 9 14 34
36 9 14 39
36 9 14 44
36 9 19 24
36 9 19 29
36 9 19 34
36 9 19 39
36 9 19 44
36 9 24 29
36 9 24 34
36 9 24 39
36 9 24 44
36 9 29 34
36 9 29 39
36 9 29 44
36 9 34 39
36 9 34 44
36 9 39 44
36 14 19 24
36 14 19 29
36 14 19 34
36 14 19 39
36 14 19 44
36 14 24 29
36 14 24 34
36 14 24 39
36 14 24 44
36 14 29 34
36 14 29 39
36 14 29 44
36 14 34 39
36 14 34 44
36 14 39 44
36 19 24 29
36 19 24 34
36 19 24 39
36 19 24 44
36 19 29 34
36 19 29 39
36 19 29 44
36 19 34 39
36 19 34 44
36 19 39 44
36 24 29 34
36 24 29 39
36 24 29 44
36 24 34 39
36 24 34 44
36 24 39 44
36 29 34 39
36 29 34 44
36 29 39 44
36 34 39 44
41 4 9 14
41 4 9 19
41 4 9 24
41 4 9 29
41 4 9 34
41 4 9 39
41 4 9 44
41 4 14 19
41 4 14 24
41 4 14 29
41 4 14 34
41 4 14 39
41 4 14 44
41 4 19 24
41 4 19 29
41 4 19 34
41 4 19 39
41 4 19 44
41 4 24 29
41 4 24 34
41 4 24 39
41 4 24 44
41 4 29 34
41 4 29 39
41 4 29 44
41 4 34 39
41 4 34 44
41 4 39 44
41 9 14 19
41 9 14 24
41 9 14 29
41 9 14 34
41 9 14 39
41 9 14 44
41 9 19 24
41 9 19 29
41 9 19 34
41 9 19 39
41 9 19 44
41 9 24 29
41 9 24 34
41 9 24 39
41 9 24 44
41 9 29 34
41 9 29 39
41 9 29 44
41 9 34 39
41 9 34 44
41 9 39 44
41 14 19 24
41 14 19 29
41 14 19 34
41 14 19 39
41 14 19 44
41 14 24 29
41 14 24 34
41 14 24 39
41 14 24 44
41 14 29 34
41 14 29 39
41 14 29 44
41 14 34 39
41 14 34 44
41 14 39 44
41 19 24 29
41 19 24 34
41 19 24 39
41 19 24 44
41 19 29 34
41 19 29 39
41 19 29 44
41 19 34 39
41 19 34 44
41 19 39 44
41 24 29 34
41 24 29 39
41 24 29 44
41 24 34 39
41 24 34 44
41 24 39 44
41 29 34 39
41 29 34 44
41 29 39 44
41 34 39 44
4 9 14 19
4 9 14 24
4 9 14 29
4 9 14 34
4 9 14 39
4 9 14 44
4 9 19 24
4 9 19 29
4 9 19 34
4 9 19 39
4 9 19 44
4 9 24 29
4 9 24 34
4 9 24 39
4 9 24 44
4 9 29 34
4 9 29 39
4 9 29 44
4 9 34 39
4 9 34 44
4 9 39 44
4 14 19 24
4 14 19 29
4 14 19 34
4 14 19 39
4 14 19 44
4 14 24 29
4 14 24 34
4 14 24 39
4 14 24 44
4 14 29 34
4 14 29 39
4 14 29 44
4 14 34 39
4 14 34 44
4 14 39 44
4 19 24 29
4 19 24 34
4 19 24 39
4 19 24 44
4 19 29 34
4 19 29 39
4 19 29 44
4 19 34 39
4 19 34 44
4 19 39 44
4 24 29 34
4 24 29 39
4 24 29 44
4 24 34 39
4 24 34 44
4 24 39 44
4 29 34 39
4 29 34 44
4 29 39 44
4 34 39 44
9 14 19 24
9 14 19 29
9 14 19 34
9 14 19 39
9 14 19 44
9 14 24 29
9 14 24 34
9 14 24 39
9 14 24 44
9 14 29 34
9 14 29 39
9 14 29 44
9 14 34 39
9 14 34 44
9 14 39 44
9 19 24 29
9 19 24 34
9 19 24 39
9 19 24 44
9 19 29 34
9 19 29 39
9 19 29 44
9 19 34 39
9 19 34 44
9 19 39 44
9 24 29 34
9 24 29 39
9 24 29 44
9 24 34 39
9 24 34 44
9 24 39 44
9 29 34 39
9 29 34 44
9 29 39 44
9 34 39 44
14 19 24 29
14 19 24 34
14 19 24 39
14 19 24 44
14 19 29 34
14 19 29 39
14 19 29 44
14 19 34 39
14 19 34 44
14 19 39 44
14 24 29 34
14 24 29 39
14 24 29 44
14 24 34 39
14 24 34 44
14 24 39 44
14 29 34 39
14 29 34 44
14 29 39 44
14 34 39 44
19 24 29 34
19 24 29 39
19 24 29 44
19 24 34 39
19 24 34 44
19 24 39 44
19 29 34 39
19 29 34 44
19 29 39 44
19 34 39 44
24 29 34 39
24 29 34 44
24 29 39 44
24 34 39 44
29 34 39 44
