2 7 12 17
2 7 12 22
2 7 12 27
2 7 12 32
2 7 12 37
2 7 12 42
2 7 12 3
2 7 12 8
2 7 12 13
2 7 12 18
2 7 12 23
2 7 12 29
2 7 12 33
2 7 12 38
2 7 12 43
2 7 17 22
2 7 17 27
2 7 17 32
2 7 17 37
2 7 17 42
2 7 17 3
2 7 17 8
2 7 17 13
2 7 17 18
2 7 17 23
2 7 17 29
2 7 17 33
2 7 17 38
2 7 17 43
2 7 22 27
2 7 22 32
2 7 22 37
2 7 22 42
2 7 22 3
2 7 22 8
2 7 22 13
2 7 22 18
2 7 22 23
2 7 22 29
2 7 22 33
2 7 22 38
2 7 22 43
2 7 27 32
2 7 27 37
2 7 27 42
2 7 27 3
2 7 27 8
2 7 27 13
2 7 27 18
2 7 27 23
2 7 27 29
2 7 27 33
2 7 27 38
2 7 27 43
2 7 32 37
2 7 32 42
2 7 32 3
2 7 32 8
2 7 32 13
2 7 32 18
2 7 32 23
2 7 32 29
2 7 32 33
2 7 32 38
2 7 32 43
2 7 37 42
2 7 37 3
2 7 37 8
2 7 37 13
2 7 37 18
2 7 37 23
2 7 37 29
2 7 37 33
2 7 37 38
2 7 37 43
2 7 42 3
2 7 42 8
2 7 42 13
2 7 42 18
2 7 42 23
2 7 42 29
2 7 42 33
2 7 42 38
2 7 42 43
2 7 3 8
2 7 3 13
2 7 3 18
2 7 3 23
2 7 3 29
2 7 3 33
2 7 3 38
2 7 3 43
2 7 8 13
2 7 8 18
2 7 8 23
2 7 8 29
2 7 8 33
2 7 8 38
2 7 8 43
2 7 13 18
2 7 13 23
2 7 13 29
2 7 13 33
2 7 13 38
2 7 13 43
2 7 18 23
2 7 18 29
2 7 18 33
2 7 18 38
2 7 18 43
2 7 23 29
2 7 23 33
2 7 23 38
2 7 23 43
2 7 29 33
2 7 29 38
2 7 29 43
2 7 33 38
2 7 33 43
2 7 38 43
2 12 17 22
2 12 17 27
2 12 17 32
2 12 17 37
2 12 17 42
2 12 17 3
2 12 17 8
2 12 17 13
2 12 17 18
2 12 17 23
2 12 17 29
2 12 17 33
2 12 17 38
2 12 17 43
2 12 22 27
2 12 22 32
2 12 22 37
2 12 22 42
2 12 22 3
2 12 22 8
2 12 22 13
2 12 22 18
2 12 22 23
2 12 22 29
2 12 22 33
2 12 22 38
2 12 22 43
2 12 27 32
2 12 27 37
2 12 27 42
2 12 27 3
2 12 27 8
2 12 27 13
2 12 27 18
2 12 27 23
2 12 27 29
2 12 27 33
2 12 27 38
2 12 27 43
2 12 32 37
2 12 32 42
2 12 32 3
2 12 32 8
2 12 32 13
2 12 32 18
2 12 32 23
2 12 32 29
2 12 32 33
2 12 32 38
2 12 32 43
2 12 37 42
2 12 37 3
2 12 37 8
2 12 37 13
2 12 37 18
2 12 37 23
2 12 37 29
2 12 37 33
2 12 37 38
2 12 37 43
2 12 42 3
2 12 42 8
2 12 42 13
2 12 42 18
2 12 42 23
2 12 42 29
2 12 42 33
2 12 42 38
2 12 42 43
2 12 3 8
2 12 3 13
2 12 3 18
2 12 3 23
2 12 3 29
2 12 3 33
2 12 3 38
2 12 3 43
2 12 8 13
2 12 8 18
2 12 8 23
2 12 8 29
2 12 8 33
2 12 8 38
2 12 8 43
2 12 13 18
2 12 13 23
2 12 13 29
2 12 13 33
2 12 13 38
2 12 13 43
2 12 18 23
2 12 18 29
2 12 18 33
2 12 18 38
2 12 18 43
2 12 23 29
2 12 23 33
2 12 23 38
2 12 23 43
2 12 29 33
2 12 29 38
2 12 29 43
2 12 33 38
2 12 33 43
2 12 38 43
2 17 22 27
2 17 22 32
2 17 22 37
2 17 22 42
2 17 22 3
2 17 22 8
2 17 22 13
2 17 22 18
2 17 22 23
2 17 22 29
2 17 22 33
2 17 22 38
2 17 22 43
2 17 27 32
2 17 27 37
2 17 27 42
2 17 27 3
2 17 27 8
2 17 27 13
2 17 27 18
2 17 27 23
2 17 27 29
2 17 27 33
2 17 27 38
2 17 27 43
2 17 32 37
2 17 32 42
2 17 32 3
2 17 32 8
2 17 32 13
2 17 32 18
2 17 32 23
2 17 32 29
2 17 32 33
2 17 32 38
2 17 32 43
2 17 37 42
2 17 37 3
2 17 37 8
2 17 37 13
2 17 37 18
2 17 37 23
2 17 37 29
2 17 37 33
2 17 37 38
2 17 37 43
2 17 42 3
2 17 42 8
2 17 42 13
2 17 42 18
2 17 42 23
2 17 42 29
2 17 42 33
2 17 42 38
2 17 42 43
2 17 3 8
2 17 3 13
2 17 3 18
2 17 3 23
2 17 3 29
2 17 3 33
2 17 3 38
2 17 3 43
2 17 8 13
2 17 8 18
2 17 8 23
2 17 8 29
2 17 8 33
2 17 8 38
2 17 8 43
2 17 13 18
2 17 13 23
2 17 13 29
2 17 13 33
2 17 13 38
2 17 13 43
2 17 18 23
2 17 18 29
2 17 18 33
2 17 18 38
2 17 18 43
2 17 23 29
2 17 23 33
2 17 23 38
2 17 23 43
2 17 29 33
2 17 29 38
2 17 29 43
2 17 33 38
2 17 33 43
2 17 38 43
2 22 27 32
2 22 27 37
2 22 27 42
2 22 27 3
2 22 27 8
2 22 27 13
2 22 27 18
2 22 27 23
2 22 27 29
2 22 27 33
2 22 27 38
2 22 27 43
2 22 32 37
2 22 32 42
2 22 32 3
2 22 32 8
2 22 32 13
2 22 32 18
2 22 32 23
2 22 32 29
2 22 32 33
2 22 32 38
2 22 32 43
2 22 37 42
2 22 37 3
2 22 37 8
2 22 37 13
2 22 37 18
2 22 37 23
2 22 37 29
2 22 37 33
2 22 37 38
2 22 37 43
2 22 42 3
2 22 42 8
2 22 42 13
2 22 42 18
2 22 42 23
2 22 42 29
2 22 42 33
2 22 42 38
2 22 42 43
2 22 3 8
2 22 3 13
2 22 3 18
2 22 3 23
2 22 3 29
2 22 3 33
2 22 3 38
2 22 3 43
2 22 8 13
2 22 8 18
2 22 8 23
2 22 8 29
2 22 8 33
2 22 8 38
2 22 8 43
2 22 13 18
2 22 13 23
2 22 13 29
2 22 13 33
2 22 13 38
2 22 13 43
2 22 18 23
2 22 18 29
2 22 18 33
2 22 18 38
2 22 18 43
2 22 23 29
2 22 23 33
2 22 23 38
2 22 23 43
2 22 29 33
2 22 29 38
2 22 29 43
2 22 33 38
2 22 33 43
2 22 38 43
2 27 32 37
2 27 32 42
2 27 32 3
2 27 32 8
2 27 32 13
2 27 32 18
2 27 32 23
2 27 32 29
2 27 32 33
2 27 32 38
2 27 32 43
2 27 37 42
2 27 37 3
2 27 37 8
2 27 37 13
2 27 37 18
2 27 37 23
2 27 37 29
2 27 37 33
2 27 37 38
2 27 37 43
2 27 42 3
2 27 42 8
2 27 42 13
2 27 42 18
2 27 42 23
2 27 42 29
2 27 42 33
2 27 42 38
2 27 42 43
2 27 3 8
2 27 3 13
2 27 3 18
2 27 3 23
2 27 3 29
2 27 3 33
2 27 3 38
2 27 3 43
2 27 8 13
2 27 8 18
2 27 8 23
2 27 8 29
2 27 8 33
2 27 8 38
2 27 8 43
2 27 13 18
2 27 13 23
2 27 13 29
2 27 13 33
2 27 13 38
2 27 13 43
2 27 18 23
2 27 18 29
2 27 18 33
2 27 18 38
2 27 18 43
2 27 23 29
2 27 23 33
2 27 23 38
2 27 23 43
2 27 29 33
2 27 29 38
2 27 29 43
2 27 33 38
2 27 33 43
2 27 38 43
2 32 37 42
2 32 37 3
2 32 37 8
2 32 37 13
2 32 37 18
2 32 37 23
2 32 37 29
2 32 37 33
2 32 37 38
2 32 37 43
2 32 42 3
2 32 42 8
2 32 42 13
2 32 42 18
2 32 42 23
2 32 42 29
2 32 42 33
2 32 42 38
2 32 42 43
2 32 3 8
2 32 3 13
2 32 3 18
2 32 3 23
2 32 3 29
2 32 3 33
2 32 3 38
2 32 3 43
2 32 8 13
2 32 8 18
2 32 8 23
2 32 8 29
2 32 8 33
2 32 8 38
2 32 8 43
2 32 13 18
2 32 13 23
2 32 13 29
2 32 13 33
2 32 13 38
2 32 13 43
2 32 18 23
2 32 18 29
2 32 18 33
2 32 18 38
2 32 18 43
2 32 23 29
2 32 23 33
2 32 23 38
2 32 23 43
2 32 29 33
2 32 29 38
2 32 29 43
2 32 33 38
2 32 33 43
2 32 38 43
2 37 42 3
2 37 42 8
2 37 42 13
2 37 42 18
2 37 42 23
2 37 42 29
2 37 42 33
2 37 42 38
2 37 42 43
2 37 3 8
2 37 3 13
2 37 3 18
2 37 3 23
2 37 3 29
2 37 3 33
2 37 3 38
2 37 3 43
2 37 8 13
2 37 8 18
2 37 8 23
2 37 8 29
2 37 8 33
2 37 8 38
2 37 8 43
2 37 13 18
2 37 13 23
2 37 13 29
2 37 13 33
2 37 13 38
2 37 13 43
2 37 18 23
2 37 18 29
2 37 18 33
2 37 18 38
2 37 18 43
2 37 23 29
2 37 23 33
2 37 23 38
2 37 23 43
2 37 29 33
2 37 29 38
2 37 29 43
2 37 33 38
2 37 33 43
2 37 38 43
2 42 3 8
2 42 3 13
2 42 3 18
2 42 3 23
2 42 3 29
2 42 3 33
2 42 3 38
2 42 3 43
2 42 8 13
2 42 8 18
2 42 8 23
2 42 8 29
2 42 8 33
2 42 8 38
2 42 8 43
2 42 13 18
2 42 13 23
2 42 13 29
2 42 13 33
2 42 13 38
2 42 13 43
2 42 18 23
2 42 18 29
2 42 18 33
2 42 18 38
2 42 18 43
2 42 23 29
2 42 23 33
2 42 23 38
2 42 23 43
2 42 29 33
2 42 29 38
2 42 29 43
2 42 33 38
2 42 33 43
2 42 38 43
2 3 8 13
2 3 8 18
2 3 8 23
2 3 8 29
2 3 8 33
2 3 8 38
2 3 8 43
2 3 13 18
2 3 13 23
2 3 13 29
2 3 13 33
2 3 13 38
2 3 13 43
2 3 18 23
2 3 18 29
2 3 18 33
2 3 18 38
2 3 18 43
2 3 23 29
2 3 23 33
2 3 23 38
2 3 23 43
2 3 29 33
2 3 29 38
2 3 29 43
2 3 33 38
2 3 33 43
2 3 38 43
2 8 13 18
2 8 13 23
2 8 13 29
2 8 13 33
2 8 13 38
2 8 13 43
2 8 18 23
2 8 18 29
2 8 18 33
2 8 18 38
2 8 18 43
2 8 23 29
2 8 23 33
2 8 23 38
2 8 23 43
2 8 29 33
2 8 29 38
2 8 29 43
2 8 33 38
2 8 33 43
2 8 38 43
2 13 18 23
2 13 18 29
2 13 18 33
2 13 18 38
2 13 18 43
2 13 23 29
2 13 23 33
2 13 23 38
2 13 23 43
2 13 29 33
2 13 29 38
2 13 29 43
2 13 33 38
2 13 33 43
2 13 38 43
2 18 23 29
2 18 23 33
2 18 23 38
2 18 23 43
2 18 29 33
2 18 29 38
2 18 29 43
2 18 33 38
2 18 33 43
2 18 38 43
2 23 29 33
2 23 29 38
2 23 29 43
2 23 33 38
2 23 33 43
2 23 38 43
2 29 33 38
2 29 33 43
2 29 38 43
2 33 38 43
7 12 17 22
7 12 17 27
7 12 17 32
7 12 17 37
7 12 17 42
7 12 17 3
7 12 17 8
7 12 17 13
7 12 17 18
7 12 17 23
7 12 17 29
7 12 17 33
7 12 17 38
7 12 17 43
7 12 22 27
7 12 22 32
7 12 22 37
7 12 22 42
7 12 22 3
7 12 22 8
7 12 22 13
7 12 22 18
7 12 22 23
7 12 22 29
7 12 22 33
7 12 22 38
7 12 22 43
7 12 27 32
7 12 27 37
7 12 27 42
7 12 27 3
7 12 27 8
7 12 27 13
7 12 27 18
7 12 27 23
7 12 27 29
7 12 27 33
7 12 27 38
7 12 27 43
7 12 32 37
7 12 32 42
7 12 32 3
7 12 32 8
7 12 32 13
7 12 32 18
7 12 32 23
7 12 32 29
7 12 32 33
7 12 32 38
7 12 32 43
7 12 37 42
7 12 37 3
7 12 37 8
7 12 37 13
7 12 37 18
7 12 37 23
7 12 37 29
7 12 37 33
7 12 37 38
7 12 37 43
7 12 42 3
7 12 42 8
7 12 42 13
7 12 42 18
7 12 42 23
7 12 42 29
7 12 42 33
7 12 42 38
7 12 42 43
7 12 3 8
7 12 3 13
7 12 3 18
7 12 3 23
7 12 3 29
7 12 3 33
7 12 3 38
7 12 3 43
7 12 8 13
7 12 8 18
7 12 8 23
7 12 8 29
7 12 8 33
7 12 8 38
7 12 8 43
7 12 13 18
7 12 13 23
7 12 13 29
7 12 13 33
7 12 13 38
7 12 13 43
7 12 18 23
7 12 18 29
7 12 18 33
7 12 18 38
7 12 18 43
7 12 23 29
7 12 23 33
7 12 23 38
7 12 23 43
7 12 29 33
7 12 29 38
7 12 29 43
7 12 33 38
7 12 33 43
7 12 38 43
7 17 22 27
7 17 22 32
7 17 22 37
7 17 22 42
7 17 22 3
7 17 22 8
7 17 22 13
7 17 22 18
7 17 22 23
7 17 22 29
7 17 22 33
7 17 22 38
7 17 22 43
7 17 27 32
7 17 27 37
7 17 27 42
7 17 27 3
7 17 27 8
7 17 27 13
7 17 27 18
7 17 27 23
7 17 27 29
7 17 27 33
7 17 27 38
7 17 27 43
7 17 32 37
7 17 32 42
7 17 32 3
7 17 32 8
7 17 32 13
7 17 32 18
7 17 32 23
7 17 32 29
7 17 32 33
7 17 32 38
7 17 32 43
7 17 37 42
7 17 37 3
7 17 37 8
7 17 37 13
7 17 37 18
7 17 37 23
7 17 37 29
7 17 37 33
7 17 37 38
7 17 37 43
7 17 42 3
7 17 42 8
7 17 42 13
7 17 42 18
7 17 42 23
7 17 42 29
7 17 42 33
7 17 42 38
7 17 42 43
7 17 3 8
7 17 3 13
7 17 3 18
7 17 3 23
7 17 3 29
7 17 3 33
7 17 3 38
7 17 3 43
7 17 8 13
7 17 8 18
7 17 8 23
7 17 8 29
7 17 8 33
7 17 8 38
7 17 8 43
7 17 13 18
7 17 13 23
7 17 13 29
7 17 13 33
7 17 13 38
7 17 13 43
7 17 18 23
7 17 18 29
7 17 18 33
7 17 18 38
7 17 18 43
7 17 23 29
7 17 23 33
7 17 23 38
7 17 23 43
7 17 29 33
7 17 29 38
7 17 29 43
7 17 33 38
7 17 33 43
7 17 38 43
7 22 27 32
7 22 27 37
7 22 27 42
7 22 27 3
7 22 27 8
7 22 27 13
7 22 27 18
7 22 27 23
7 22 27 29
7 22 27 33
7 22 27 38
7 22 27 43
7 22 32 37
7 22 32 42
7 22 32 3
7 22 32 8
7 22 32 13
7 22 32 18
7 22 32 23
7 22 32 29
7 22 32 33
7 22 32 38
7 22 32 43
7 22 37 42
7 22 37 3
7 22 37 8
7 22 37 13
7 22 37 18
7 22 37 23
7 22 37 29
7 22 37 33
7 22 37 38
7 22 37 43
7 22 42 3
7 22 42 8
7 22 42 13
7 22 42 18
7 22 42 23
7 22 42 29
7 22 42 33
7 22 42 38
7 22 42 43
7 22 3 8
7 22 3 13
7 22 3 18
7 22 3 23
7 22 3 29
7 22 3 33
7 22 3 38
7 22 3 43
7 22 8 13
7 22 8 18
7 22 8 23
7 22 8 29
7 22 8 33
7 22 8 38
7 22 8 43
7 22 13 18
7 22 13 23
7 22 13 29
7 22 13 33
7 22 13 38
7 22 13 43
7 22 18 23
7 22 18 29
7 22 18 33
7 22 18 38
7 22 18 43
7 22 23 29
7 22 23 33
7 22 23 38
7 22 23 43
7 22 29 33
7 22 29 38
7 22 29 43
7 22 33 38
7 22 33 43
7 22 38 43
7 27 32 37
7 27 32 42
7 27 32 3
7 27 32 8
7 27 32 13
7 27 32 18
7 27 32 23
7 27 32 29
7 27 32 33
7 27 32 38
7 27 32 43
7 27 37 42
7 27 37 3
7 27 37 8
7 27 37 13
7 27 37 18
7 27 37 23
7 27 37 29
7 27 37 33
7 27 37 38
7 27 37 43
7 27 42 3
7 27 42 8
7 27 42 13
7 27 42 18
7 27 42 23
7 27 42 29
7 27 42 33
7 27 42 38
7 27 42 43
7 27 3 8
7 27 3 13
7 27 3 18
7 27 3 23
7 27 3 29
7 27 3 33
7 27 3 38
7 27 3 43
7 27 8 13
7 27 8 18
7 27 8 23
7 27 8 29
7 27 8 33
7 27 8 38
7 27 8 43
7 27 13 18
7 27 13 23
7 27 13 29
7 27 13 33
7 27 13 38
7 27 13 43
7 27 18 23
7 27 18 29
7 27 18 33
7 27 18 38
7 27 18 43
7 27 23 29
7 27 23 33
7 27 23 38
7 27 23 43
7 27 29 33
7 27 29 38
7 27 29 43
7 27 33 38
7 27 33 43
7 27 38 43
7 32 37 42
7 32 37 3
7 32 37 8
7 32 37 13
7 32 37 18
7 32 37 23
7 32 37 29
7 32 37 33
7 32 37 38
7 32 37 43
7 32 42 3
7 32 42 8
7 32 42 13
7 32 42 18
7 32 42 23
7 32 42 29
7 32 42 33
7 32 42 38
7 32 42 43
7 32 3 8
7 32 3 13
7 32 3 18
7 32 3 23
7 32 3 29
7 32 3 33
7 32 3 38
7 32 3 43
7 32 8 13
7 32 8 18
7 32 8 23
7 32 8 29
7 32 8 33
7 32 8 38
7 32 8 43
7 32 13 18
7 32 13 23
7 32 13 29
7 32 13 33
7 32 13 38
7 32 13 43
7 32 18 23
7 32 18 29
7 32 18 33
7 32 18 38
7 32 18 43
7 32 23 29
7 32 23 33
7 32 23 38
7 32 23 43
7 32 29 33
7 32 29 38
7 32 29 43
7 32 33 38
7 32 33 43
7 32 38 43
7 37 42 3
7 37 42 8
7 37 42 13
7 37 42 18
7 37 42 23
7 37 42 29
7 37 42 33
7 37 42 38
7 37 42 43
7 37 3 8
7 37 3 13
7 37 3 18
7 37 3 23
7 37 3 29
7 37 3 33
7 37 3 38
7 37 3 43
7 37 8 13
7 37 8 18
7 37 8 23
7 37 8 29
7 37 8 33
7 37 8 38
7 37 8 43
7 37 13 18
7 37 13 23
7 37 13 29
7 37 13 33
7 37 13 38
7 37 13 43
7 37 18 23
7 37 18 29
7 37 18 33
7 37 18 38
7 37 18 43
7 37 23 29
7 37 23 33
7 37 23 38
7 37 23 43
7 37 29 33
7 37 29 38
7 37 29 43
7 37 33 38
7 37 33 43
7 37 38 43
7 42 3 8
7 42 3 13
7 42 3 18
7 42 3 23
7 42 3 29
7 42 3 33
7 42 3 38
7 42 3 43
7 42 8 13
7 42 8 18
7 42 8 23
7 42 8 29
7 42 8 33
7 42 8 38
7 42 8 43
7 42 13 18
7 42 13 23
7 42 13 29
7 42 13 33
7 42 13 38
7 42 13 43
7 42 18 23
7 42 18 29
7 42 18 33
7 42 18 38
7 42 18 43
7 42 23 29
7 42 23 33
7 42 23 38
7 42 23 43
7 42 29 33
7 42 29 38
7 42 29 43
7 42 33 38
7 42 33 43
7 42 38 43
7 3 8 13
7 3 8 18
7 3 8 23
7 3 8 29
7 3 8 33
7 3 8 38
7 3 8 43
7 3 13 18
7 3 13 23
7 3 13 29
7 3 13 33
7 3 13 38
7 3 13 43
7 3 18 23
7 3 18 29
7 3 18 33
7 3 18 38
7 3 18 43
7 3 23 29
7 3 23 33
7 3 23 38
7 3 23 43
7 3 29 33
7 3 29 38
7 3 29 43
7 3 33 38
7 3 33 43
7 3 38 43
7 8 13 18
7 8 13 23
7 8 13 29
7 8 13 33
7 8 13 38
7 8 13 43
7 8 18 23
7 8 18 29
7 8 18 33
7 8 18 38
7 8 18 43
7 8 23 29
7 8 23 33
7 8 23 38
7 8 23 43
7 8 29 33
7 8 29 38
7 8 29 43
7 8 33 38
7 8 33 43
7 8 38 43
7 13 18 23
7 13 18 29
7 13 18 33
7 13 18 38
7 13 18 43
7 13 23 29
7 13 23 33
7 13 23 38
7 13 23 43
7 13 29 33
7 13 29 38
7 13 29 43
7 13 33 38
7 13 33 43
7 13 38 43
7 18 23 29
7 18 23 33
7 18 23 38
7 18 23 43
7 18 29 33
7 18 29 38
7 18 29 43
7 18 33 38
7 18 33 43
7 18 38 43
7 23 29 33
7 23 29 38
7 23 29 43
7 23 33 38
7 23 33 43
7 23 38 43
7 29 33 38
7 29 33 43
7 29 38 43
7 33 38 43
12 17 22 27
12 17 22 32
12 17 22 37
12 17 22 42
12 17 22 3
12 17 22 8
12 17 22 13
12 17 22 18
12 17 22 23
12 17 22 29
12 17 22 33
12 17 22 38
12 17 22 43
12 17 27 32
12 17 27 37
12 17 27 42
12 17 27 3
12 17 27 8
12 17 27 13
12 17 27 18
12 17 27 23
12 17 27 29
12 17 27 33
12 17 27 38
12 17 27 43
12 17 32 37
12 17 32 42
12 17 32 3
12 17 32 8
12 17 32 13
12 17 32 18
12 17 32 23
12 17 32 29
12 17 32 33
12 17 32 38
12 17 32 43
12 17 37 42
12 17 37 3
12 17 37 8
12 17 37 13
12 17 37 18
12 17 37 23
12 17 37 29
12 17 37 33
12 17 37 38
12 17 37 43
12 17 42 3
12 17 42 8
12 17 42 13
12 17 42 18
12 17 42 23
12 17 42 29
12 17 42 33
12 17 42 38
12 17 42 43
12 17 3 8
12 17 3 13
12 17 3 18
12 17 3 23
12 17 3 29
12 17 3 33
12 17 3 38
12 17 3 43
12 17 8 13
12 17 8 18
12 17 8 23
12 17 8 29
12 17 8 33
12 17 8 38
12 17 8 43
12 17 13 18
12 17 13 23
12 17 13 29
12 17 13 33
12 17 13 38
12 17 13 43
12 17 18 23
12 17 18 29
12 17 18 33
12 17 18 38
12 17 18 43
12 17 23 29
12 17 23 33
12 17 23 38
12 17 23 43
12 17 29 33
12 17 29 38
12 17 29 43
12 17 33 38
12 17 33 43
12 17 38 43
12 22 27 32
12 22 27 37
12 22 27 42
12 22 27 3
12 22 27 8
12 22 27 13
12 22 27 18
12 22 27 23
12 22 27 29
12 22 27 33
12 22 27 38
12 22 27 43
12 22 32 37
12 22 32 42
12 22 32 3
12 22 32 8
12 22 32 13
12 22 32 18
12 22 32 23
12 22 32 29
12 22 32 33
12 22 32 38
12 22 32 43
12 22 37 42
12 22 37 3
12 22 37 8
12 22 37 13
12 22 37 18
12 22 37 23
12 22 37 29
12 22 37 33
12 22 37 38
12 22 37 43
12 22 42 3
12 22 42 8
12 22 42 13
12 22 42 18
12 22 42 23
12 22 42 29
12 22 42 33
12 22 42 38
12 22 42 43
12 22 3 8
12 22 3 13
12 22 3 18
12 22 3 23
12 22 3 29
12 22 3 33
12 22 3 38
12 22 3 43
12 22 8 13
12 22 8 18
12 22 8 23
12 22 8 29
12 22 8 33
12 22 8 38
12 22 8 43
12 22 13 18
12 22 13 23
12 22 13 29
12 22 13 33
12 22 13 38
12 22 13 43
12 22 18 23
12 22 18 29
12 22 18 33
12 22 18 38
12 22 18 43
12 22 23 29
12 22 23 33
12 22 23 38
12 22 23 43
12 22 29 33
12 22 29 38
12 22 29 43
12 22 33 38
12 22 33 43
12 22 38 43
12 27 32 37
12 27 32 42
12 27 32 3
12 27 32 8
12 27 32 13
12 27 32 18
12 27 32 23
12 27 32 29
12 27 32 33
12 27 32 38
12 27 32 43
12 27 37 42
12 27 37 3
12 27 37 8
12 27 37 13
12 27 37 18
12 27 37 23
12 27 37 29
12 27 37 33
12 27 37 38
12 27 37 43
12 27 42 3
12 27 42 8
12 27 42 13
12 27 42 18
12 27 42 23
12 27 42 29
12 27 42 33
12 27 42 38
12 27 42 43
12 27 3 8
12 27 3 13
12 27 3 18
12 27 3 23
12 27 3 29
12 27 3 33
12 27 3 38
12 27 3 43
12 27 8 13
12 27 8 18
12 27 8 23
12 27 8 29
12 27 8 33
12 27 8 38
12 27 8 43
12 27 13 18
12 27 13 23
12 27 13 29
12 27 13 33
12 27 13 38
12 27 13 43
12 27 18 23
12 27 18 29
12 27 18 33
12 27 18 38
12 27 18 43
12 27 23 29
12 27 23 33
12 27 23 38
12 27 23 43
12 27 29 33
12 27 29 38
12 27 29 43
12 27 33 38
12 27 33 43
12 27 38 43
12 32 37 42
12 32 37 3
12 32 37 8
12 32 37 13
12 32 37 18
12 32 37 23
12 32 37 29
12 32 37 33
12 32 37 38
12 32 37 43
12 32 42 3
12 32 42 8
12 32 42 13
12 32 42 18
12 32 42 23
12 32 42 29
12 32 42 33
12 32 42 38
12 32 42 43
12 32 3 8
12 32 3 13
12 32 3 18
12 32 3 23
12 32 3 29
12 32 3 33
12 32 3 38
12 32 3 43
12 32 8 13
12 32 8 18
12 32 8 23
12 32 8 29
12 32 8 33
12 32 8 38
12 32 8 43
12 32 13 18
12 32 13 23
12 32 13 29
12 32 13 33
12 32 13 38
12 32 13 43
12 32 18 23
12 32 18 29
12 32 18 33
12 32 18 38
12 32 18 43
12 32 23 29
12 32 23 33
12 32 23 38
12 32 23 43
12 32 29 33
12 32 29 38
12 32 29 43
12 32 33 38
12 32 33 43
12 32 38 43
12 37 42 3
12 37 42 8
12 37 42 13
12 37 42 18
12 37 42 23
12 37 42 29
12 37 42 33
12 37 42 38
12 37 42 43
12 37 3 8
12 37 3 13
12 37 3 18
12 37 3 23
12 37 3 29
12 37 3 33
12 37 3 38
12 37 3 43
12 37 8 13
12 37 8 18
12 37 8 23
12 37 8 29
12 37 8 33
12 37 8 38
12 37 8 43
12 37 13 18
12 37 13 23
12 37 13 29
12 37 13 33
12 37 13 38
12 37 13 43
12 37 18 23
12 37 18 29
12 37 18 33
12 37 18 38
12 37 18 43
12 37 23 29
12 37 23 33
12 37 23 38
12 37 23 43
12 37 29 33
12 37 29 38
12 37 29 43
12 37 33 38
12 37 33 43
12 37 38 43
12 42 3 8
12 42 3 13
12 42 3 18
12 42 3 23
12 42 3 29
12 42 3 33
12 42 3 38
12 42 3 43
12 42 8 13
12 42 8 18
12 42 8 23
12 42 8 29
12 42 8 33
12 42 8 38
12 42 8 43
12 42 13 18
12 42 13 23
12 42 13 29
12 42 13 33
12 42 13 38
12 42 13 43
12 42 18 23
12 42 18 29
12 42 18 33
12 42 18 38
12 42 18 43
12 42 23 29
12 42 23 33
12 42 23 38
12 42 23 43
12 42 29 33
12 42 29 38
12 42 29 43
12 42 33 38
12 42 33 43
12 42 38 43
12 3 8 13
12 3 8 18
12 3 8 23
12 3 8 29
12 3 8 33
12 3 8 38
12 3 8 43
12 3 13 18
12 3 13 23
12 3 13 29
12 3 13 33
12 3 13 38
12 3 13 43
12 3 18 23
12 3 18 29
12 3 18 33
12 3 18 38
12 3 18 43
12 3 23 29
12 3 23 33
12 3 23 38
12 3 23 43
12 3 29 33
12 3 29 38
12 3 29 43
12 3 33 38
12 3 33 43
12 3 38 43
12 8 13 18
12 8 13 23
12 8 13 29
12 8 13 33
12 8 13 38
12 8 13 43
12 8 18 23
12 8 18 29
12 8 18 33
12 8 18 38
12 8 18 43
12 8 23 29
12 8 23 33
12 8 23 38
12 8 23 43
12 8 29 33
12 8 29 38
12 8 29 43
12 8 33 38
12 8 33 43
12 8 38 43
12 13 18 23
12 13 18 29
12 13 18 33
12 13 18 38
12 13 18 43
12 13 23 29
12 13 23 33
12 13 23 38
12 13 23 43
12 13 29 33
12 13 29 38
12 13 29 43
12 13 33 38
12 13 33 43
12 13 38 43
12 18 23 29
12 18 23 33
12 18 23 38
12 18 23 43
12 18 29 33
12 18 29 38
12 18 29 43
12 18 33 38
12 18 33 43
12 18 38 43
12 23 29 33
12 23 29 38
12 23 29 43
12 23 33 38
12 23 33 43
12 23 38 43
12 29 33 38
12 29 33 43
12 29 38 43
12 33 38 43
17 22 27 32
17 22 27 37
17 22 27 42
17 22 27 3
17 22 27 8
17 22 27 13
17 22 27 18
17 22 27 23
17 22 27 29
17 22 27 33
17 22 27 38
17 22 27 43
17 22 32 37
17 22 32 42
17 22 32 3
17 22 32 8
17 22 32 13
17 22 32 18
17 22 32 23
17 22 32 29
17 22 32 33
17 22 32 38
17 22 32 43
17 22 37 42
17 22 37 3
17 22 37 8
17 22 37 13
17 22 37 18
17 22 37 23
17 22 37 29
17 22 37 33
17 22 37 38
17 22 37 43
17 22 42 3
17 22 42 8
17 22 42 13
17 22 42 18
17 22 42 23
17 22 42 29
17 22 42 33
17 22 42 38
17 22 42 43
17 22 3 8
17 22 3 13
17 22 3 18
17 22 3 23
17 22 3 29
17 22 3 33
17 22 3 38
17 22 3 43
17 22 8 13
17 22 8 18
17 22 8 23
17 22 8 29
17 22 8 33
17 22 8 38
17 22 8 43
17 22 13 18
17 22 13 23
17 22 13 29
17 22 13 33
17 22 13 38
17 22 13 43
17 22 18 23
17 22 18 29
17 22 18 33
17 22 18 38
17 22 18 43
17 22 23 29
17 22 23 33
17 22 23 38
17 22 23 43
17 22 29 33
17 22 29 38
17 22 29 43
17 22 33 38
17 22 33 43
17 22 38 43
17 27 32 37
17 27 32 42
17 27 32 3
17 27 32 8
17 27 32 13
17 27 32 18
17 27 32 23
17 27 32 29
17 27 32 33
17 27 32 38
17 27 32 43
17 27 37 42
17 27 37 3
17 27 37 8
17 27 37 13
17 27 37 18
17 27 37 23
17 27 37 29
17 27 37 33
17 27 37 38
17 27 37 43
17 27 42 3
17 27 42 8
17 27 42 13
17 27 42 18
17 27 42 23
17 27 42 29
17 27 42 33
17 27 42 38
17 27 42 43
17 27 3 8
17 27 3 13
17 27 3 18
17 27 3 23
17 27 3 29
17 27 3 33
17 27 3 38
17 27 3 43
17 27 8 13
17 27 8 18
17 27 8 23
17 27 8 29
17 27 8 33
17 27 8 38
17 27 8 43
17 27 13 18
17 27 13 23
17 27 13 29
17 27 13 33
17 27 13 38
17 27 13 43
17 27 18 23
17 27 18 29
17 27 18 33
17 27 18 38
17 27 18 43
17 27 23 29
17 27 23 33
17 27 23 38
17 27 23 43
17 27 29 33
17 27 29 38
17 27 29 43
17 27 33 38
17 27 33 43
17 27 38 43
17 32 37 42
17 32 37 3
17 32 37 8
17 32 37 13
17 32 37 18
17 32 37 23
17 32 37 29
17 32 37 33
17 32 37 38
17 32 37 43
17 32 42 3
17 32 42 8
17 32 42 13
17 32 42 18
17 32 42 23
17 32 42 29
17 32 42 33
17 32 42 38
17 32 42 43
17 32 3 8
17 32 3 13
17 32 3 18
17 32 3 23
17 32 3 29
17 32 3 33
17 32 3 38
17 32 3 43
17 32 8 13
17 32 8 18
17 32 8 23
17 32 8 29
17 32 8 33
17 32 8 38
17 32 8 43
17 32 13 18
17 32 13 23
17 32 13 29
17 32 13 33
17 32 13 38
17 32 13 43
17 32 18 23
17 32 18 29
17 32 18 33
17 32 18 38
17 32 18 43
17 32 23 29
17 32 23 33
17 32 23 38
17 32 23 43
17 32 29 33
17 32 29 38
17 32 29 43
17 32 33 38
17 32 33 43
17 32 38 43
17 37 42 3
17 37 42 8
17 37 42 13
17 37 42 18
17 37 42 23
17 37 42 29
17 37 42 33
17 37 42 38
17 37 42 43
17 37 3 8
17 37 3 13
17 37 3 18
17 37 3 23
17 37 3 29
17 37 3 33
17 37 3 38
17 37 3 43
17 37 8 13
17 37 8 18
17 37 8 23
17 37 8 29
17 37 8 33
17 37 8 38
17 37 8 43
17 37 13 18
17 37 13 23
17 37 13 29
17 37 13 33
17 37 13 38
17 37 13 43
17 37 18 23
17 37 18 29
17 37 18 33
17 37 18 38
17 37 18 43
17 37 23 29
17 37 23 33
17 37 23 38
17 37 23 43
17 37 29 33
17 37 29 38
17 37 29 43
17 37 33 38
17 37 33 43
17 37 38 43
17 42 3 8
17 42 3 13
17 42 3 18
17 42 3 23
17 42 3 29
17 42 3 33
17 42 3 38
17 42 3 43
17 42 8 13
17 42 8 18
17 42 8 23
17 42 8 29
17 42 8 33
17 42 8 38
17 42 8 43
17 42 13 18
17 42 13 23
17 42 13 29
17 42 13 33
17 42 13 38
17 42 13 43
17 42 18 23
17 42 18 29
17 42 18 33
17 42 18 38
17 42 18 43
17 42 23 29
17 42 23 33
17 42 23 38
17 42 23 43
17 42 29 33
17 42 29 38
17 42 29 43
17 42 33 38
17 42 33 43
17 42 38 43
17 3 8 13
17 3 8 18
17 3 8 23
17 3 8 29
17 3 8 33
17 3 8 38
17 3 8 43
17 3 13 18
17 3 13 23
17 3 13 29
17 3 13 33
17 3 13 38
17 3 13 43
17 3 18 23
17 3 18 29
17 3 18 33
17 3 18 38
17 3 18 43
17 3 23 29
17 3 23 33
17 3 23 38
17 3 23 43
17 3 29 33
17 3 29 38
17 3 29 43
17 3 33 38
17 3 33 43
17 3 38 43
17 8 13 18
17 8 13 23
17 8 13 29
17 8 13 33
17 8 13 38
17 8 13 43
17 8 18 23
17 8 18 29
17 8 18 33
17 8 18 38
17 8 18 43
17 8 23 29
17 8 23 33
17 8 23 38
17 8 23 43
17 8 29 33
17 8 29 38
17 8 29 43
17 8 33 38
17 8 33 43
17 8 38 43
17 13 18 23
17 13 18 29
17 13 18 33
17 13 18 38
17 13 18 43
17 13 23 29
17 13 23 33
17 13 23 38
17 13 23 43
17 13 29 33
17 13 29 38
17 13 29 43
17 13 33 38
17 13 33 43
17 13 38 43
17 18 23 29
17 18 23 33
17 18 23 38
17 18 23 43
17 18 29 33
17 18 29 38
17 18 29 43
17 18 33 38
17 18 33 43
17 18 38 43
17 23 29 33
17 23 29 38
17 23 29 43
17 23 33 38
17 23 33 43
17 23 38 43
17 29 33 38
17 29 33 43
17 29 38 43
17 33 38 43
22 27 32 37
22 27 32 42
22 27 32 3
22 27 32 8
22 27 32 13
22 27 32 18
22 27 32 23
22 27 32 29
22 27 32 33
22 27 32 38
22 27 32 43
22 27 37 42
22 27 37 3
22 27 37 8
22 27 37 13
22 27 37 18
22 27 37 23
22 27 37 29
22 27 37 33
22 27 37 38
22 27 37 43
22 27 42 3
22 27 42 8
22 27 42 13
22 27 42 18
22 27 42 23
22 27 42 29
22 27 42 33
22 27 42 38
22 27 42 43
22 27 3 8
22 27 3 13
22 27 3 18
22 27 3 23
22 27 3 29
22 27 3 33
22 27 3 38
22 27 3 43
22 27 8 13
22 27 8 18
22 27 8 23
22 27 8 29
22 27 8 33
22 27 8 38
22 27 8 43
22 27 13 18
22 27 13 23
22 27 13 29
22 27 13 33
22 27 13 38
22 27 13 43
22 27 18 23
22 27 18 29
22 27 18 33
22 27 18 38
22 27 18 43
22 27 23 29
22 27 23 33
22 27 23 38
22 27 23 43
22 27 29 33
22 27 29 38
22 27 29 43
22 27 33 38
22 27 33 43
22 27 38 43
22 32 37 42
22 32 37 3
22 32 37 8
22 32 37 13
22 32 37 18
22 32 37 23
22 32 37 29
22 32 37 33
22 32 37 38
22 32 37 43
22 32 42 3
22 32 42 8
22 32 42 13
22 32 42 18
22 32 42 23
22 32 42 29
22 32 42 33
22 32 42 38
22 32 42 43
22 32 3 8
22 32 3 13
22 32 3 18
22 32 3 23
22 32 3 29
22 32 3 33
22 32 3 38
22 32 3 43
22 32 8 13
22 32 8 18
22 32 8 23
22 32 8 29
22 32 8 33
22 32 8 38
22 32 8 43
22 32 13 18
22 32 13 23
22 32 13 29
22 32 13 33
22 32 13 38
22 32 13 43
22 32 18 23
22 32 18 29
22 32 18 33
22 32 18 38
22 32 18 43
22 32 23 29
22 32 23 33
22 32 23 38
22 32 23 43
22 32 29 33
22 32 29 38
22 32 29 43
22 32 33 38
22 32 33 43
22 32 38 43
22 37 42 3
22 37 42 8
22 37 42 13
22 37 42 18
22 37 42 23
22 37 42 29
22 37 42 33
22 37 42 38
22 37 42 43
22 37 3 8
22 37 3 13
22 37 3 18
22 37 3 23
22 37 3 29
22 37 3 33
22 37 3 38
22 37 3 43
22 37 8 13
22 37 8 18
22 37 8 23
22 37 8 29
22 37 8 33
22 37 8 38
22 37 8 43
22 37 13 18
22 37 13 23
22 37 13 29
22 37 13 33
22 37 13 38
22 37 13 43
22 37 18 23
22 37 18 29
22 37 18 33
22 37 18 38
22 37 18 43
22 37 23 29
22 37 23 33
22 37 23 38
22 37 23 43
22 37 29 33
22 37 29 38
22 37 29 43
22 37 33 38
22 37 33 43
22 37 38 43
22 42 3 8
22 42 3 13
22 42 3 18
22 42 3 23
22 42 3 29
22 42 3 33
22 42 3 38
22 42 3 43
22 42 8 13
22 42 8 18
22 42 8 23
22 42 8 29
22 42 8 33
22 42 8 38
22 42 8 43
22 42 13 18
22 42 13 23
22 42 13 29
22 42 13 33
22 42 13 38
22 42 13 43
22 42 18 23
22 42 18 29
22 42 18 33
22 42 18 38
22 42 18 43
22 42 23 29
22 42 23 33
22 42 23 38
22 42 23 43
22 42 29 33
22 42 29 38
22 42 29 43
22 42 33 38
22 42 33 43
22 42 38 43
22 3 8 13
22 3 8 18
22 3 8 23
22 3 8 29
22 3 8 33
22 3 8 38
22 3 8 43
22 3 13 18
22 3 13 23
22 3 13 29
22 3 13 33
22 3 13 38
22 3 13 43
22 3 18 23
22 3 18 29
22 3 18 33
22 3 18 38
22 3 18 43
22 3 23 29
22 3 23 33
22 3 23 38
22 3 23 43
22 3 29 33
22 3 29 38
22 3 29 43
22 3 33 38
22 3 33 43
22 3 38 43
22 8 13 18
22 8 13 23
22 8 13 29
22 8 13 33
22 8 13 38
22 8 13 43
22 8 18 23
22 8 18 29
22 8 18 33
22 8 18 38
22 8 18 43
22 8 23 29
22 8 23 33
22 8 23 38
22 8 23 43
22 8 29 33
22 8 29 38
22 8 29 43
22 8 33 38
22 8 33 43
22 8 38 43
22 13 18 23
22 13 18 29
22 13 18 33
22 13 18 38
22 13 18 43
22 13 23 29
22 13 23 33
22 13 23 38
22 13 23 43
22 13 29 33
22 13 29 38
22 13 29 43
22 13 33 38
22 13 33 43
22 13 38 43
22 18 23 29
22 18 23 33
22 18 23 38
22 18 23 43
22 18 29 33
22 18 29 38
22 18 29 43
22 18 33 38
22 18 33 43
22 18 38 43
22 23 29 33
22 23 29 38
22 23 29 43
22 23 33 38
22 23 33 43
22 23 38 43
22 29 33 38
22 29 33 43
22 29 38 43
22 33 38 43
27 32 37 42
27 32 37 3
27 32 37 8
27 32 37 13
27 32 37 18
27 32 37 23
27 32 37 29
27 32 37 33
27 32 37 38
27 32 37 43
27 32 42 3
27 32 42 8
27 32 42 13
27 32 42 18
27 32 42 23
27 32 42 29
27 32 42 33
27 32 42 38
27 32 42 43
27 32 3 8
27 32 3 13
27 32 3 18
27 32 3 23
27 32 3 29
27 32 3 33
27 32 3 38
27 32 3 43
27 32 8 13
27 32 8 18
27 32 8 23
27 32 8 29
27 32 8 33
27 32 8 38
27 32 8 43
27 32 13 18
27 32 13 23
27 32 13 29
27 32 13 33
27 32 13 38
27 32 13 43
27 32 18 23
27 32 18 29
27 32 18 33
27 32 18 38
27 32 18 43
27 32 23 29
27 32 23 33
27 32 23 38
27 32 23 43
27 32 29 33
27 32 29 38
27 32 29 43
27 32 33 38
27 32 33 43
27 32 38 43
27 37 42 3
27 37 42 8
27 37 42 13
27 37 42 18
27 37 42 23
27 37 42 29
27 37 42 33
27 37 42 38
27 37 42 43
27 37 3 8
27 37 3 13
27 37 3 18
27 37 3 23
27 37 3 29
27 37 3 33
27 37 3 38
27 37 3 43
27 37 8 13
27 37 8 18
27 37 8 23
27 37 8 29
27 37 8 33
27 37 8 38
27 37 8 43
27 37 13 18
27 37 13 23
27 37 13 29
27 37 13 33
27 37 13 38
27 37 13 43
27 37 18 23
27 37 18 29
27 37 18 33
27 37 18 38
27 37 18 43
27 37 23 29
27 37 23 33
27 37 23 38
27 37 23 43
27 37 29 33
27 37 29 38
27 37 29 43
27 37 33 38
27 37 33 43
27 37 38 43
27 42 3 8
27 42 3 13
27 42 3 18
27 42 3 23
27 42 3 29
27 42 3 33
27 42 3 38
27 42 3 43
27 42 8 13
27 42 8 18
27 42 8 23
27 42 8 29
27 42 8 33
27 42 8 38
27 42 8 43
27 42 13 18
27 42 13 23
27 42 13 29
27 42 13 33
27 42 13 38
27 42 13 43
27 42 18 23
27 42 18 29
27 42 18 33
27 42 18 38
27 42 18 43
27 42 23 29
27 42 23 33
27 42 23 38
27 42 23 43
27 42 29 33
27 42 29 38
27 42 29 43
27 42 33 38
27 42 33 43
27 42 38 43
27 3 8 13
27 3 8 18
27 3 8 23
27 3 8 29
27 3 8 33
27 3 8 38
27 3 8 43
27 3 13 18
27 3 13 23
27 3 13 29
27 3 13 33
27 3 13 38
27 3 13 43
27 3 18 23
27 3 18 29
27 3 18 33
27 3 18 38
27 3 18 43
27 3 23 29
27 3 23 33
27 3 23 38
27 3 23 43
27 3 29 33
27 3 29 38
27 3 29 43
27 3 33 38
27 3 33 43
27 3 38 43
27 8 13 18
27 8 13 23
27 8 13 29
27 8 13 33
27 8 13 38
27 8 13 43
27 8 18 23
27 8 18 29
27 8 18 33
27 8 18 38
27 8 18 43
27 8 23 29
27 8 23 33
27 8 23 38
27 8 23 43
27 8 29 33
27 8 29 38
27 8 29 43
27 8 33 38
27 8 33 43
27 8 38 43
27 13 18 23
27 13 18 29
27 13 18 33
27 13 18 38
27 13 18 43
27 13 23 29
27 13 23 33
27 13 23 38
27 13 23 43
27 13 29 33
27 13 29 38
27 13 29 43
27 13 33 38
27 13 33 43
27 13 38 43
27 18 23 29
27 18 23 33
27 18 23 38
27 18 23 43
27 18 29 33
27 18 29 38
27 18 29 43
27 18 33 38
27 18 33 43
27 18 38 43
27 23 29 33
27 23 29 38
27 23 29 43
27 23 33 38
27 23 33 43
27 23 38 43
27 29 33 38
27 29 33 43
27 29 38 43
27 33 38 43
32 37 42 3
32 37 42 8
32 37 42 13
32 37 42 18
32 37 42 23
32 37 42 29
32 37 42 33
32 37 42 38
32 37 42 43
32 37 3 8
32 37 3 13
32 37 3 18
32 37 3 23
32 37 3 29
32 37 3 33
32 37 3 38
32 37 3 43
32 37 8 13
32 37 8 18
32 37 8 23
32 37 8 29
32 37 8 33
32 37 8 38
32 37 8 43
32 37 13 18
32 37 13 23
32 37 13 29
32 37 13 33
32 37 13 38
32 37 13 43
32 37 18 23
32 37 18 29
32 37 18 33
32 37 18 38
32 37 18 43
32 37 23 29
32 37 23 33
32 37 23 38
32 37 23 43
32 37 29 33
32 37 29 38
32 37 29 43
32 37 33 38
32 37 33 43
32 37 38 43
32 42 3 8
32 42 3 13
32 42 3 18
32 42 3 23
32 42 3 29
32 42 3 33
32 42 3 38
32 42 3 43
32 42 8 13
32 42 8 18
32 42 8 23
32 42 8 29
32 42 8 33
32 42 8 38
32 42 8 43
32 42 13 18
32 42 13 23
32 42 13 29
32 42 13 33
32 42 13 38
32 42 13 43
32 42 18 23
32 42 18 29
32 42 18 33
32 42 18 38
32 42 18 43
32 42 23 29
32 42 23 33
32 42 23 38
32 42 23 43
32 42 29 33
32 42 29 38
32 42 29 43
32 42 33 38
32 42 33 43
32 42 38 43
32 3 8 13
32 3 8 18
32 3 8 23
32 3 8 29
32 3 8 33
32 3 8 38
32 3 8 43
32 3 13 18
32 3 13 23
32 3 13 29
32 3 13 33
32 3 13 38
32 3 13 43
32 3 18 23
32 3 18 29
32 3 18 33
32 3 18 38
32 3 18 43
32 3 23 29
32 3 23 33
32 3 23 38
32 3 23 43
32 3 29 33
32 3 29 38
32 3 29 43
32 3 33 38
32 3 33 43
32 3 38 43
32 8 13 18
32 8 13 23
32 8 13 29
32 8 13 33
32 8 13 38
32 8 13 43
32 8 18 23
32 8 18 29
32 8 18 33
32 8 18 38
32 8 18 43
32 8 23 29
32 8 23 33
32 8 23 38
32 8 23 43
32 8 29 33
32 8 29 38
32 8 29 43
32 8 33 38
32 8 33 43
32 8 38 43
32 13 18 23
32 13 18 29
32 13 18 33
32 13 18 38
32 13 18 43
32 13 23 29
32 13 23 33
32 13 23 38
32 13 23 43
32 13 29 33
32 13 29 38
32 13 29 43
32 13 33 38
32 13 33 43
32 13 38 43
32 18 23 29
32 18 23 33
32 18 23 38
32 18 23 43
32 18 29 33
32 18 29 38
32 18 29 43
32 18 33 38
32 18 33 43
32 18 38 43
32 23 29 33
32 23 29 38
32 23 29 43
32 23 33 38
32 23 33 43
32 23 38 43
32 29 33 38
32 29 33 43
32 29 38 43
32 33 38 43
37 42 3 8
37 42 3 13
37 42 3 18
37 42 3 23
37 42 3 29
37 42 3 33
37 42 3 38
37 42 3 43
37 42 8 13
37 42 8 18
37 42 8 23
37 42 8 29
37 42 8 33
37 42 8 38
37 42 8 43
37 42 13 18
37 42 13 23
37 42 13 29
37 42 13 33
37 42 13 38
37 42 13 43
37 42 18 23
37 42 18 29
37 42 18 33
37 42 18 38
37 42 18 43
37 42 23 29
37 42 23 33
37 42 23 38
37 42 23 43
37 42 29 33
37 42 29 38
37 42 29 43
37 42 33 38
37 42 33 43
37 42 38 43
37 3 8 13
37 3 8 18
37 3 8 23
37 3 8 29
37 3 8 33
37 3 8 38
37 3 8 43
37 3 13 18
37 3 13 23
37 3 13 29
37 3 13 33
37 3 13 38
37 3 13 43
37 3 18 23
37 3 18 29
37 3 18 33
37 3 18 38
37 3 18 43
37 3 23 29
37 3 23 33
37 3 23 38
37 3 23 43
37 3 29 33
37 3 29 38
37 3 29 43
37 3 33 38
37 3 33 43
37 3 38 43
37 8 13 18
37 8 13 23
37 8 13 29
37 8 13 33
37 8 13 38
37 8 13 43
37 8 18 23
37 8 18 29
37 8 18 33
37 8 18 38
37 8 18 43
37 8 23 29
37 8 23 33
37 8 23 38
37 8 23 43
37 8 29 33
37 8 29 38
37 8 29 43
37 8 33 38
37 8 33 43
37 8 38 43
37 13 18 23
37 13 18 29
37 13 18 33
37 13 18 38
37 13 18 43
37 13 23 29
37 13 23 33
37 13 23 38
37 13 23 43
37 13 29 33
37 13 29 38
37 13 29 43
37 13 33 38
37 13 33 43
37 13 38 43
37 18 23 29
37 18 23 33
37 18 23 38
37 18 23 43
37 18 29 33
37 18 29 38
37 18 29 43
37 18 33 38
37 18 33 43
37 18 38 43
37 23 29 33
37 23 29 38
37 23 29 43
37 23 33 38
37 23 33 43
37 23 38 43
37 29 33 38
37 29 33 43
37 29 38 43
37 33 38 43
42 3 8 13
42 3 8 18
42 3 8 23
42 3 8 29
42 3 8 33
42 3 8 38
42 3 8 43
42 3 13 18
42 3 13 23
42 3 13 29
42 3 13 33
42 3 13 38
42 3 13 43
42 3 18 23
42 3 18 29
42 3 18 33
42 3 18 38
42 3 18 43
42 3 23 29
42 3 23 33
42 3 23 38
42 3 23 43
42 3 29 33
42 3 29 38
42 3 29 43
42 3 33 38
42 3 33 43
42 3 38 43
42 8 13 18
42 8 13 23
42 8 13 29
42 8 13 33
42 8 13 38
42 8 13 43
42 8 18 23
42 8 18 29
42 8 18 33
42 8 18 38
42 8 18 43
42 8 23 29
42 8 23 33
42 8 23 38
42 8 23 43
42 8 29 33
42 8 29 38
42 8 29 43
42 8 33 38
42 8 33 43
42 8 38 43
42 13 18 23
42 13 18 29
42 13 18 33
42 13 18 38
42 13 18 43
42 13 23 29
42 13 23 33
42 13 23 38
42 13 23 43
42 13 29 33
42 13 29 38
42 13 29 43
42 13 33 38
42 13 33 43
42 13 38 43
42 18 23 29
42 18 23 33
42 18 23 38
42 18 23 43
42 18 29 33
42 18 29 38
42 18 29 43
42 18 33 38
42 18 33 43
42 18 38 43
42 23 29 33
42 23 29 38
42 23 29 43
42 23 33 38
42 23 33 43
42 23 38 43
42 29 33 38
42 29 33 43
42 29 38 43
42 33 38 43
3 8 13 18
3 8 13 23
3 8 13 29
3 8 13 33
3 8 13 38
3 8 13 43
3 8 18 23
3 8 18 29
3 8 18 33
3 8 18 38
3 8 18 43
3 8 23 29
3 8 23 33
3 8 23 38
3 8 23 43
3 8 29 33
3 8 29 38
3 8 29 43
3 8 33 38
3 8 33 43
3 8 38 43
3 13 18 23
3 13 18 29
3 13 18 33
3 13 18 38
3 13 18 43
3 13 23 29
3 13 23 33
3 13 23 38
3 13 23 43
3 13 29 33
3 13 29 38
3 13 29 43
3 13 33 38
3 13 33 43
3 13 38 43
3 18 23 29
3 18 23 33
3 18 23 38
3 18 23 43
3 18 29 33
3 18 29 38
3 18 29 43
3 18 33 38
3 18 33 43
3 18 38 43
3 23 29 33
3 23 29 38
3 23 29 43
3 23 33 38
3 23 33 43
3 23 38 43
3 29 33 38
3 29 33 43
3 29 38 43
3 33 38 43
8 13 18 23
8 13 18 29
8 13 18 33
8 13 18 38
8 13 18 43
8 13 23 29
8 13 23 33
8 13 23 38
8 13 23 43
8 13 29 33
8 13 29 38
8 13 29 43
8 13 33 38
8 13 33 43
8 13 38 43
8 18 23 29
8 18 23 33
8 18 23 38
8 18 23 43
8 18 29 33
8 18 29 38
8 18 29 43
8 18 33 38
8 18 33 43
8 18 38 43
8 23 29 33
8 23 29 38
8 23 29 43
8 23 33 38
8 23 33 43
8 23 38 43
8 29 33 38
8 29 33 43
8 29 38 43
8 33 38 43
13 18 23 29
13 18 23 33
13 18 23 38
13 18 23 43
13 18 29 33
13 18 29 38
13 18 29 43
13 18 33 38
13 18 33 43
13 18 38 43
13 23 29 33
13 23 29 38
13 23 29 43
13 23 33 38
13 23 33 43
13 23 38 43
13 29 33 38
13 29 33 43
13 29 38 43
13 33 38 43
18 23 29 33
18 23 29 38
18 23 29 43
18 23 33 38
18 23 33 43
18 23 38 43
18 29 33 38
18 29 33 43
18 29 38 43
18 33 38 43
23 29 33 38
23 29 33 43
23 29 38 43
23 33 38 43
29 33 38 43
