2 7 12 17
2 7 12 22
2 7 12 27
2 7 12 32
2 7 12 37
2 7 12 42
2 7 12 4
2 7 12 9
2 7 12 14
2 7 12 19
2 7 12 24
2 7 12 29
2 7 12 34
2 7 12 39
2 7 12 44
2 7 17 22
2 7 17 27
2 7 17 32
2 7 17 37
2 7 17 42
2 7 17 4
2 7 17 9
2 7 17 14
2 7 17 19
2 7 17 24
2 7 17 29
2 7 17 34
2 7 17 39
2 7 17 44
2 7 22 27
2 7 22 32
2 7 22 37
2 7 22 42
2 7 22 4
2 7 22 9
2 7 22 14
2 7 22 19
2 7 22 24
2 7 22 29
2 7 22 34
2 7 22 39
2 7 22 44
2 7 27 32
2 7 27 37
2 7 27 42
2 7 27 4
2 7 27 9
2 7 27 14
2 7 27 19
2 7 27 24
2 7 27 29
2 7 27 34
2 7 27 39
2 7 27 44
2 7 32 37
2 7 32 42
2 7 32 4
2 7 32 9
2 7 32 14
2 7 32 19
2 7 32 24
2 7 32 29
2 7 32 34
2 7 32 39
2 7 32 44
2 7 37 42
2 7 37 4
2 7 37 9
2 7 37 14
2 7 37 19
2 7 37 24
2 7 37 29
2 7 37 34
2 7 37 39
2 7 37 44
2 7 42 4
2 7 42 9
2 7 42 14
2 7 42 19
2 7 42 24
2 7 42 29
2 7 42 34
2 7 42 39
2 7 42 44
2 7 4 9
2 7 4 14
2 7 4 19
2 7 4 24
2 7 4 29
2 7 4 34
2 7 4 39
2 7 4 44
2 7 9 14
2 7 9 19
2 7 9 24
2 7 9 29
2 7 9 34
2 7 9 39
2 7 9 44
2 7 14 19
2 7 14 24
2 7 14 29
2 7 14 34
2 7 14 39
2 7 14 44
2 7 19 24
2 7 19 29
2 7 19 34
2 7 19 39
2 7 19 44
2 7 24 29
2 7 24 34
2 7 24 39
2 7 24 44
2 7 29 34
2 7 29 39
2 7 29 44
2 7 34 39
2 7 34 44
2 7 39 44
2 12 17 22
2 12 17 27
2 12 17 32
2 12 17 37
2 12 17 42
2 12 17 4
2 12 17 9
2 12 17 14
2 12 17 19
2 12 17 24
2 12 17 29
2 12 17 34
2 12 17 39
2 12 17 44
2 12 22 27
2 12 22 32
2 12 22 37
2 12 22 42
2 12 22 4
2 12 22 9
2 12 22 14
2 12 22 19
2 12 22 24
2 12 22 29
2 12 22 34
2 12 22 39
2 12 22 44
2 12 27 32
2 12 27 37
2 12 27 42
2 12 27 4
2 12 27 9
2 12 27 14
2 12 27 19
2 12 27 24
2 12 27 29
2 12 27 34
2 12 27 39
2 12 27 44
2 12 32 37
2 12 32 42
2 12 32 4
2 12 32 9
2 12 32 14
2 12 32 19
2 12 32 24
2 12 32 29
2 12 32 34
2 12 32 39
2 12 32 44
2 12 37 42
2 12 37 4
2 12 37 9
2 12 37 14
2 12 37 19
2 12 37 24
2 12 37 29
2 12 37 34
2 12 37 39
2 12 37 44
2 12 42 4
2 12 42 9
2 12 42 14
2 12 42 19
2 12 42 24
2 12 42 29
2 12 42 34
2 12 42 39
2 12 42 44
2 12 4 9
2 12 4 14
2 12 4 19
2 12 4 24
2 12 4 29
2 12 4 34
2 12 4 39
2 12 4 44
2 12 9 14
2 12 9 19
2 12 9 24
2 12 9 29
2 12 9 34
2 12 9 39
2 12 9 44
2 12 14 19
2 12 14 24
2 12 14 29
2 12 14 34
2 12 14 39
2 12 14 44
2 12 19 24
2 12 19 29
2 12 19 34
2 12 19 39
2 12 19 44
2 12 24 29
2 12 24 34
2 12 24 39
2 12 24 44
2 12 29 34
2 12 29 39
2 12 29 44
2 12 34 39
2 12 34 44
2 12 39 44
2 17 22 27
2 17 22 32
2 17 22 37
2 17 22 42
2 17 22 4
2 17 22 9
2 17 22 14
2 17 22 19
2 17 22 24
2 17 22 29
2 17 22 34
2 17 22 39
2 17 22 44
2 17 27 32
2 17 27 37
2 17 27 42
2 17 27 4
2 17 27 9
2 17 27 14
2 17 27 19
2 17 27 24
2 17 27 29
2 17 27 34
2 17 27 39
2 17 27 44
2 17 32 37
2 17 32 42
2 17 32 4
2 17 32 9
2 17 32 14
2 17 32 19
2 17 32 24
2 17 32 29
2 17 32 34
2 17 32 39
2 17 32 44
2 17 37 42
2 17 37 4
2 17 37 9
2 17 37 14
2 17 37 19
2 17 37 24
2 17 37 29
2 17 37 34
2 17 37 39
2 17 37 44
2 17 42 4
2 17 42 9
2 17 42 14
2 17 42 19
2 17 42 24
2 17 42 29
2 17 42 34
2 17 42 39
2 17 42 44
2 17 4 9
2 17 4 14
2 17 4 19
2 17 4 24
2 17 4 29
2 17 4 34
2 17 4 39
2 17 4 44
2 17 9 14
2 17 9 19
2 17 9 24
2 17 9 29
2 17 9 34
2 17 9 39
2 17 9 44
2 17 14 19
2 17 14 24
2 17 14 29
2 17 14 34
2 17 14 39
2 17 14 44
2 17 19 24
2 17 19 29
2 17 19 34
2 17 19 39
2 17 19 44
2 17 24 29
2 17 24 34
2 17 24 39
2 17 24 44
2 17 29 34
2 17 29 39
2 17 29 44
2 17 34 39
2 17 34 44
2 17 39 44
2 22 27 32
2 22 27 37
2 22 27 42
2 22 27 4
2 22 27 9
2 22 27 14
2 22 27 19
2 22 27 24
2 22 27 29
2 22 27 34
2 22 27 39
2 22 27 44
2 22 32 37
2 22 32 42
2 22 32 4
2 22 32 9
2 22 32 14
2 22 32 19
2 22 32 24
2 22 32 29
2 22 32 34
2 22 32 39
2 22 32 44
2 22 37 42
2 22 37 4
2 22 37 9
2 22 37 14
2 22 37 19
2 22 37 24
2 22 37 29
2 22 37 34
2 22 37 39
2 22 37 44
2 22 42 4
2 22 42 9
2 22 42 14
2 22 42 19
2 22 42 24
2 22 42 29
2 22 42 34
2 22 42 39
2 22 42 44
2 22 4 9
2 22 4 14
2 22 4 19
2 22 4 24
2 22 4 29
2 22 4 34
2 22 4 39
2 22 4 44
2 22 9 14
2 22 9 19
2 22 9 24
2 22 9 29
2 22 9 34
2 22 9 39
2 22 9 44
2 22 14 19
2 22 14 24
2 22 14 29
2 22 14 34
2 22 14 39
2 22 14 44
2 22 19 24
2 22 19 29
2 22 19 34
2 22 19 39
2 22 19 44
2 22 24 29
2 22 24 34
2 22 24 39
2 22 24 44
2 22 29 34
2 22 29 39
2 22 29 44
2 22 34 39
2 22 34 44
2 22 39 44
2 27 32 37
2 27 32 42
2 27 32 4
2 27 32 9
2 27 32 14
2 27 32 19
2 27 32 24
2 27 32 29
2 27 32 34
2 27 32 39
2 27 32 44
2 27 37 42
2 27 37 4
2 27 37 9
2 27 37 14
2 27 37 19
2 27 37 24
2 27 37 29
2 27 37 34
2 27 37 39
2 27 37 44
2 27 42 4
2 27 42 9
2 27 42 14
2 27 42 19
2 27 42 24
2 27 42 29
2 27 42 34
2 27 42 39
2 27 42 44
2 27 4 9
2 27 4 14
2 27 4 19
2 27 4 24
2 27 4 29
2 27 4 34
2 27 4 39
2 27 4 44
2 27 9 14
2 27 9 19
2 27 9 24
2 27 9 29
2 27 9 34
2 27 9 39
2 27 9 44
2 27 14 19
2 27 14 24
2 27 14 29
2 27 14 34
2 27 14 39
2 27 14 44
2 27 19 24
2 27 19 29
2 27 19 34
2 27 19 39
2 27 19 44
2 27 24 29
2 27 24 34
2 27 24 39
2 27 24 44
2 27 29 34
2 27 29 39
2 27 29 44
2 27 34 39
2 27 34 44
2 27 39 44
2 32 37 42
2 32 37 4
2 32 37 9
2 32 37 14
2 32 37 19
2 32 37 24
2 32 37 29
2 32 37 34
2 32 37 39
2 32 37 44
2 32 42 4
2 32 42 9
2 32 42 14
2 32 42 19
2 32 42 24
2 32 42 29
2 32 42 34
2 32 42 39
2 32 42 44
2 32 4 9
2 32 4 14
2 32 4 19
2 32 4 24
2 32 4 29
2 32 4 34
2 32 4 39
2 32 4 44
2 32 9 14
2 32 9 19
2 32 9 24
2 32 9 29
2 32 9 34
2 32 9 39
2 32 9 44
2 32 14 19
2 32 14 24
2 32 14 29
2 32 14 34
2 32 14 39
2 32 14 44
2 32 19 24
2 32 19 29
2 32 19 34
2 32 19 39
2 32 19 44
2 32 24 29
2 32 24 34
2 32 24 39
2 32 24 44
2 32 29 34
2 32 29 39
2 32 29 44
2 32 34 39
2 32 34 44
2 32 39 44
2 37 42 4
2 37 42 9
2 37 42 14
2 37 42 19
2 37 42 24
2 37 42 29
2 37 42 34
2 37 42 39
2 37 42 44
2 37 4 9
2 37 4 14
2 37 4 19
2 37 4 24
2 37 4 29
2 37 4 34
2 37 4 39
2 37 4 44
2 37 9 14
2 37 9 19
2 37 9 24
2 37 9 29
2 37 9 34
2 37 9 39
2 37 9 44
2 37 14 19
2 37 14 24
2 37 14 29
2 37 14 34
2 37 14 39
2 37 14 44
2 37 19 24
2 37 19 29
2 37 19 34
2 37 19 39
2 37 19 44
2 37 24 29
2 37 24 34
2 37 24 39
2 37 24 44
2 37 29 34
2 37 29 39
2 37 29 44
2 37 34 39
2 37 34 44
2 37 39 44
2 42 4 9
2 42 4 14
2 42 4 19
2 42 4 24
2 42 4 29
2 42 4 34
2 42 4 39
2 42 4 44
2 42 9 14
2 42 9 19
2 42 9 24
2 42 9 29
2 42 9 34
2 42 9 39
2 42 9 44
2 42 14 19
2 42 14 24
2 42 14 29
2 42 14 34
2 42 14 39
2 42 14 44
2 42 19 24
2 42 19 29
2 42 19 34
2 42 19 39
2 42 19 44
2 42 24 29
2 42 24 34
2 42 24 39
2 42 24 44
2 42 29 34
2 42 29 39
2 42 29 44
2 42 34 39
2 42 34 44
2 42 39 44
2 4 9 14
2 4 9 19
2 4 9 24
2 4 9 29
2 4 9 34
2 4 9 39
2 4 9 44
2 4 14 19
2 4 14 24
2 4 14 29
2 4 14 34
2 4 14 39
2 4 14 44
2 4 19 24
2 4 19 29
2 4 19 34
2 4 19 39
2 4 19 44
2 4 24 29
2 4 24 34
2 4 24 39
2 4 24 44
2 4 29 34
2 4 29 39
2 4 29 44
2 4 34 39
2 4 34 44
2 4 39 44
2 9 14 19
2 9 14 24
2 9 14 29
2 9 14 34
2 9 14 39
2 9 14 44
2 9 19 24
2 9 19 29
2 9 19 34
2 9 19 39
2 9 19 44
2 9 24 29
2 9 24 34
2 9 24 39
2 9 24 44
2 9 29 34
2 9 29 39
2 9 29 44
2 9 34 39
2 9 34 44
2 9 39 44
2 14 19 24
2 14 19 29
2 14 19 34
2 14 19 39
2 14 19 44
2 14 24 29
2 14 24 34
2 14 24 39
2 14 24 44
2 14 29 34
2 14 29 39
2 14 29 44
2 14 34 39
2 14 34 44
2 14 39 44
2 19 24 29
2 19 24 34
2 19 24 39
2 19 24 44
2 19 29 34
2 19 29 39
2 19 29 44
2 19 34 39
2 19 34 44
2 19 39 44
2 24 29 34
2 24 29 39
2 24 29 44
2 24 34 39
2 24 34 44
2 24 39 44
2 29 34 39
2 29 34 44
2 29 39 44
2 34 39 44
7 12 17 22
7 12 17 27
7 12 17 32
7 12 17 37
7 12 17 42
7 12 17 4
7 12 17 9
7 12 17 14
7 12 17 19
7 12 17 24
7 12 17 29
7 12 17 34
7 12 17 39
7 12 17 44
7 12 22 27
7 12 22 32
7 12 22 37
7 12 22 42
7 12 22 4
7 12 22 9
7 12 22 14
7 12 22 19
7 12 22 24
7 12 22 29
7 12 22 34
7 12 22 39
7 12 22 44
7 12 27 32
7 12 27 37
7 12 27 42
7 12 27 4
7 12 27 9
7 12 27 14
7 12 27 19
7 12 27 24
7 12 27 29
7 12 27 34
7 12 27 39
7 12 27 44
7 12 32 37
7 12 32 42
7 12 32 4
7 12 32 9
7 12 32 14
7 12 32 19
7 12 32 24
7 12 32 29
7 12 32 34
7 12 32 39
7 12 32 44
7 12 37 42
7 12 37 4
7 12 37 9
7 12 37 14
7 12 37 19
7 12 37 24
7 12 37 29
7 12 37 34
7 12 37 39
7 12 37 44
7 12 42 4
7 12 42 9
7 12 42 14
7 12 42 19
7 12 42 24
7 12 42 29
7 12 42 34
7 12 42 39
7 12 42 44
7 12 4 9
7 12 4 14
7 12 4 19
7 12 4 24
7 12 4 29
7 12 4 34
7 12 4 39
7 12 4 44
7 12 9 14
7 12 9 19
7 12 9 24
7 12 9 29
7 12 9 34
7 12 9 39
7 12 9 44
7 12 14 19
7 12 14 24
7 12 14 29
7 12 14 34
7 12 14 39
7 12 14 44
7 12 19 24
7 12 19 29
7 12 19 34
7 12 19 39
7 12 19 44
7 12 24 29
7 12 24 34
7 12 24 39
7 12 24 44
7 12 29 34
7 12 29 39
7 12 29 44
7 12 34 39
7 12 34 44
7 12 39 44
7 17 22 27
7 17 22 32
7 17 22 37
7 17 22 42
7 17 22 4
7 17 22 9
7 17 22 14
7 17 22 19
7 17 22 24
7 17 22 29
7 17 22 34
7 17 22 39
7 17 22 44
7 17 27 32
7 17 27 37
7 17 27 42
7 17 27 4
7 17 27 9
7 17 27 14
7 17 27 19
7 17 27 24
7 17 27 29
7 17 27 34
7 17 27 39
7 17 27 44
7 17 32 37
7 17 32 42
7 17 32 4
7 17 32 9
7 17 32 14
7 17 32 19
7 17 32 24
7 17 32 29
7 17 32 34
7 17 32 39
7 17 32 44
7 17 37 42
7 17 37 4
7 17 37 9
7 17 37 14
7 17 37 19
7 17 37 24
7 17 37 29
7 17 37 34
7 17 37 39
7 17 37 44
7 17 42 4
7 17 42 9
7 17 42 14
7 17 42 19
7 17 42 24
7 17 42 29
7 17 42 34
7 17 42 39
7 17 42 44
7 17 4 9
7 17 4 14
7 17 4 19
7 17 4 24
7 17 4 29
7 17 4 34
7 17 4 39
7 17 4 44
7 17 9 14
7 17 9 19
7 17 9 24
7 17 9 29
7 17 9 34
7 17 9 39
7 17 9 44
7 17 14 19
7 17 14 24
7 17 14 29
7 17 14 34
7 17 14 39
7 17 14 44
7 17 19 24
7 17 19 29
7 17 19 34
7 17 19 39
7 17 19 44
7 17 24 29
7 17 24 34
7 17 24 39
7 17 24 44
7 17 29 34
7 17 29 39
7 17 29 44
7 17 34 39
7 17 34 44
7 17 39 44
7 22 27 32
7 22 27 37
7 22 27 42
7 22 27 4
7 22 27 9
7 22 27 14
7 22 27 19
7 22 27 24
7 22 27 29
7 22 27 34
7 22 27 39
7 22 27 44
7 22 32 37
7 22 32 42
7 22 32 4
7 22 32 9
7 22 32 14
7 22 32 19
7 22 32 24
7 22 32 29
7 22 32 34
7 22 32 39
7 22 32 44
7 22 37 42
7 22 37 4
7 22 37 9
7 22 37 14
7 22 37 19
7 22 37 24
7 22 37 29
7 22 37 34
7 22 37 39
7 22 37 44
7 22 42 4
7 22 42 9
7 22 42 14
7 22 42 19
7 22 42 24
7 22 42 29
7 22 42 34
7 22 42 39
7 22 42 44
7 22 4 9
7 22 4 14
7 22 4 19
7 22 4 24
7 22 4 29
7 22 4 34
7 22 4 39
7 22 4 44
7 22 9 14
7 22 9 19
7 22 9 24
7 22 9 29
7 22 9 34
7 22 9 39
7 22 9 44
7 22 14 19
7 22 14 24
7 22 14 29
7 22 14 34
7 22 14 39
7 22 14 44
7 22 19 24
7 22 19 29
7 22 19 34
7 22 19 39
7 22 19 44
7 22 24 29
7 22 24 34
7 22 24 39
7 22 24 44
7 22 29 34
7 22 29 39
7 22 29 44
7 22 34 39
7 22 34 44
7 22 39 44
7 27 32 37
7 27 32 42
7 27 32 4
7 27 32 9
7 27 32 14
7 27 32 19
7 27 32 24
7 27 32 29
7 27 32 34
7 27 32 39
7 27 32 44
7 27 37 42
7 27 37 4
7 27 37 9
7 27 37 14
7 27 37 19
7 27 37 24
7 27 37 29
7 27 37 34
7 27 37 39
7 27 37 44
7 27 42 4
7 27 42 9
7 27 42 14
7 27 42 19
7 27 42 24
7 27 42 29
7 27 42 34
7 27 42 39
7 27 42 44
7 27 4 9
7 27 4 14
7 27 4 19
7 27 4 24
7 27 4 29
7 27 4 34
7 27 4 39
7 27 4 44
7 27 9 14
7 27 9 19
7 27 9 24
7 27 9 29
7 27 9 34
7 27 9 39
7 27 9 44
7 27 14 19
7 27 14 24
7 27 14 29
7 27 14 34
7 27 14 39
7 27 14 44
7 27 19 24
7 27 19 29
7 27 19 34
7 27 19 39
7 27 19 44
7 27 24 29
7 27 24 34
7 27 24 39
7 27 24 44
7 27 29 34
7 27 29 39
7 27 29 44
7 27 34 39
7 27 34 44
7 27 39 44
7 32 37 42
7 32 37 4
7 32 37 9
7 32 37 14
7 32 37 19
7 32 37 24
7 32 37 29
7 32 37 34
7 32 37 39
7 32 37 44
7 32 42 4
7 32 42 9
7 32 42 14
7 32 42 19
7 32 42 24
7 32 42 29
7 32 42 34
7 32 42 39
7 32 42 44
7 32 4 9
7 32 4 14
7 32 4 19
7 32 4 24
7 32 4 29
7 32 4 34
7 32 4 39
7 32 4 44
7 32 9 14
7 32 9 19
7 32 9 24
7 32 9 29
7 32 9 34
7 32 9 39
7 32 9 44
7 32 14 19
7 32 14 24
7 32 14 29
7 32 14 34
7 32 14 39
7 32 14 44
7 32 19 24
7 32 19 29
7 32 19 34
7 32 19 39
7 32 19 44
7 32 24 29
7 32 24 34
7 32 24 39
7 32 24 44
7 32 29 34
7 32 29 39
7 32 29 44
7 32 34 39
7 32 34 44
7 32 39 44
7 37 42 4
7 37 42 9
7 37 42 14
7 37 42 19
7 37 42 24
7 37 42 29
7 37 42 34
7 37 42 39
7 37 42 44
7 37 4 9
7 37 4 14
7 37 4 19
7 37 4 24
7 37 4 29
7 37 4 34
7 37 4 39
7 37 4 44
7 37 9 14
7 37 9 19
7 37 9 24
7 37 9 29
7 37 9 34
7 37 9 39
7 37 9 44
7 37 14 19
7 37 14 24
7 37 14 29
7 37 14 34
7 37 14 39
7 37 14 44
7 37 19 24
7 37 19 29
7 37 19 34
7 37 19 39
7 37 19 44
7 37 24 29
7 37 24 34
7 37 24 39
7 37 24 44
7 37 29 34
7 37 29 39
7 37 29 44
7 37 34 39
7 37 34 44
7 37 39 44
7 42 4 9
7 42 4 14
7 42 4 19
7 42 4 24
7 42 4 29
7 42 4 34
7 42 4 39
7 42 4 44
7 42 9 14
7 42 9 19
7 42 9 24
7 42 9 29
7 42 9 34
7 42 9 39
7 42 9 44
7 42 14 19
7 42 14 24
7 42 14 29
7 42 14 34
7 42 14 39
7 42 14 44
7 42 19 24
7 42 19 29
7 42 19 34
7 42 19 39
7 42 19 44
7 42 24 29
7 42 24 34
7 42 24 39
7 42 24 44
7 42 29 34
7 42 29 39
7 42 29 44
7 42 34 39
7 42 34 44
7 42 39 44
7 4 9 14
7 4 9 19
7 4 9 24
7 4 9 29
7 4 9 34
7 4 9 39
7 4 9 44
7 4 14 19
7 4 14 24
7 4 14 29
7 4 14 34
7 4 14 39
7 4 14 44
7 4 19 24
7 4 19 29
7 4 19 34
7 4 19 39
7 4 19 44
7 4 24 29
7 4 24 34
7 4 24 39
7 4 24 44
7 4 29 34
7 4 29 39
7 4 29 44
7 4 34 39
7 4 34 44
7 4 39 44
7 9 14 19
7 9 14 24
7 9 14 29
7 9 14 34
7 9 14 39
7 9 14 44
7 9 19 24
7 9 19 29
7 9 19 34
7 9 19 39
7 9 19 44
7 9 24 29
7 9 24 34
7 9 24 39
7 9 24 44
7 9 29 34
7 9 29 39
7 9 29 44
7 9 34 39
7 9 34 44
7 9 39 44
7 14 19 24
7 14 19 29
7 14 19 34
7 14 19 39
7 14 19 44
7 14 24 29
7 14 24 34
7 14 24 39
7 14 24 44
7 14 29 34
7 14 29 39
7 14 29 44
7 14 34 39
7 14 34 44
7 14 39 44
7 19 24 29
7 19 24 34
7 19 24 39
7 19 24 44
7 19 29 34
7 19 29 39
7 19 29 44
7 19 34 39
7 19 34 44
7 19 39 44
7 24 29 34
7 24 29 39
7 24 29 44
7 24 34 39
7 24 34 44
7 24 39 44
7 29 34 39
7 29 34 44
7 29 39 44
7 34 39 44
12 17 22 27
12 17 22 32
12 17 22 37
12 17 22 42
12 17 22 4
12 17 22 9
12 17 22 14
12 17 22 19
12 17 22 24
12 17 22 29
12 17 22 34
12 17 22 39
12 17 22 44
12 17 27 32
12 17 27 37
12 17 27 42
12 17 27 4
12 17 27 9
12 17 27 14
12 17 27 19
12 17 27 24
12 17 27 29
12 17 27 34
12 17 27 39
12 17 27 44
12 17 32 37
12 17 32 42
12 17 32 4
12 17 32 9
12 17 32 14
12 17 32 19
12 17 32 24
12 17 32 29
12 17 32 34
12 17 32 39
12 17 32 44
12 17 37 42
12 17 37 4
12 17 37 9
12 17 37 14
12 17 37 19
12 17 37 24
12 17 37 29
12 17 37 34
12 17 37 39
12 17 37 44
12 17 42 4
12 17 42 9
12 17 42 14
12 17 42 19
12 17 42 24
12 17 42 29
12 17 42 34
12 17 42 39
12 17 42 44
12 17 4 9
12 17 4 14
12 17 4 19
12 17 4 24
12 17 4 29
12 17 4 34
12 17 4 39
12 17 4 44
12 17 9 14
12 17 9 19
12 17 9 24
12 17 9 29
12 17 9 34
12 17 9 39
12 17 9 44
12 17 14 19
12 17 14 24
12 17 14 29
12 17 14 34
12 17 14 39
12 17 14 44
12 17 19 24
12 17 19 29
12 17 19 34
12 17 19 39
12 17 19 44
12 17 24 29
12 17 24 34
12 17 24 39
12 17 24 44
12 17 29 34
12 17 29 39
12 17 29 44
12 17 34 39
12 17 34 44
12 17 39 44
12 22 27 32
12 22 27 37
12 22 27 42
12 22 27 4
12 22 27 9
12 22 27 14
12 22 27 19
12 22 27 24
12 22 27 29
12 22 27 34
12 22 27 39
12 22 27 44
12 22 32 37
12 22 32 42
12 22 32 4
12 22 32 9
12 22 32 14
12 22 32 19
12 22 32 24
12 22 32 29
12 22 32 34
12 22 32 39
12 22 32 44
12 22 37 42
12 22 37 4
12 22 37 9
12 22 37 14
12 22 37 19
12 22 37 24
12 22 37 29
12 22 37 34
12 22 37 39
12 22 37 44
12 22 42 4
12 22 42 9
12 22 42 14
12 22 42 19
12 22 42 24
12 22 42 29
12 22 42 34
12 22 42 39
12 22 42 44
12 22 4 9
12 22 4 14
12 22 4 19
12 22 4 24
12 22 4 29
12 22 4 34
12 22 4 39
12 22 4 44
12 22 9 14
12 22 9 19
12 22 9 24
12 22 9 29
12 22 9 34
12 22 9 39
12 22 9 44
12 22 14 19
12 22 14 24
12 22 14 29
12 22 14 34
12 22 14 39
12 22 14 44
12 22 19 24
12 22 19 29
12 22 19 34
12 22 19 39
12 22 19 44
12 22 24 29
12 22 24 34
12 22 24 39
12 22 24 44
12 22 29 34
12 22 29 39
12 22 29 44
12 22 34 39
12 22 34 44
12 22 39 44
12 27 32 37
12 27 32 42
12 27 32 4
12 27 32 9
12 27 32 14
12 27 32 19
12 27 32 24
12 27 32 29
12 27 32 34
12 27 32 39
12 27 32 44
12 27 37 42
12 27 37 4
12 27 37 9
12 27 37 14
12 27 37 19
12 27 37 24
12 27 37 29
12 27 37 34
12 27 37 39
12 27 37 44
12 27 42 4
12 27 42 9
12 27 42 14
12 27 42 19
12 27 42 24
12 27 42 29
12 27 42 34
12 27 42 39
12 27 42 44
12 27 4 9
12 27 4 14
12 27 4 19
12 27 4 24
12 27 4 29
12 27 4 34
12 27 4 39
12 27 4 44
12 27 9 14
12 27 9 19
12 27 9 24
12 27 9 29
12 27 9 34
12 27 9 39
12 27 9 44
12 27 14 19
12 27 14 24
12 27 14 29
12 27 14 34
12 27 14 39
12 27 14 44
12 27 19 24
12 27 19 29
12 27 19 34
12 27 19 39
12 27 19 44
12 27 24 29
12 27 24 34
12 27 24 39
12 27 24 44
12 27 29 34
12 27 29 39
12 27 29 44
12 27 34 39
12 27 34 44
12 27 39 44
12 32 37 42
12 32 37 4
12 32 37 9
12 32 37 14
12 32 37 19
12 32 37 24
12 32 37 29
12 32 37 34
12 32 37 39
12 32 37 44
12 32 42 4
12 32 42 9
12 32 42 14
12 32 42 19
12 32 42 24
12 32 42 29
12 32 42 34
12 32 42 39
12 32 42 44
12 32 4 9
12 32 4 14
12 32 4 19
12 32 4 24
12 32 4 29
12 32 4 34
12 32 4 39
12 32 4 44
12 32 9 14
12 32 9 19
12 32 9 24
12 32 9 29
12 32 9 34
12 32 9 39
12 32 9 44
12 32 14 19
12 32 14 24
12 32 14 29
12 32 14 34
12 32 14 39
12 32 14 44
12 32 19 24
12 32 19 29
12 32 19 34
12 32 19 39
12 32 19 44
12 32 24 29
12 32 24 34
12 32 24 39
12 32 24 44
12 32 29 34
12 32 29 39
12 32 29 44
12 32 34 39
12 32 34 44
12 32 39 44
12 37 42 4
12 37 42 9
12 37 42 14
12 37 42 19
12 37 42 24
12 37 42 29
12 37 42 34
12 37 42 39
12 37 42 44
12 37 4 9
12 37 4 14
12 37 4 19
12 37 4 24
12 37 4 29
12 37 4 34
12 37 4 39
12 37 4 44
12 37 9 14
12 37 9 19
12 37 9 24
12 37 9 29
12 37 9 34
12 37 9 39
12 37 9 44
12 37 14 19
12 37 14 24
12 37 14 29
12 37 14 34
12 37 14 39
12 37 14 44
12 37 19 24
12 37 19 29
12 37 19 34
12 37 19 39
12 37 19 44
12 37 24 29
12 37 24 34
12 37 24 39
12 37 24 44
12 37 29 34
12 37 29 39
12 37 29 44
12 37 34 39
12 37 34 44
12 37 39 44
12 42 4 9
12 42 4 14
12 42 4 19
12 42 4 24
12 42 4 29
12 42 4 34
12 42 4 39
12 42 4 44
12 42 9 14
12 42 9 19
12 42 9 24
12 42 9 29
12 42 9 34
12 42 9 39
12 42 9 44
12 42 14 19
12 42 14 24
12 42 14 29
12 42 14 34
12 42 14 39
12 42 14 44
12 42 19 24
12 42 19 29
12 42 19 34
12 42 19 39
12 42 19 44
12 42 24 29
12 42 24 34
12 42 24 39
12 42 24 44
12 42 29 34
12 42 29 39
12 42 29 44
12 42 34 39
12 42 34 44
12 42 39 44
12 4 9 14
12 4 9 19
12 4 9 24
12 4 9 29
12 4 9 34
12 4 9 39
12 4 9 44
12 4 14 19
12 4 14 24
12 4 14 29
12 4 14 34
12 4 14 39
12 4 14 44
12 4 19 24
12 4 19 29
12 4 19 34
12 4 19 39
12 4 19 44
12 4 24 29
12 4 24 34
12 4 24 39
12 4 24 44
12 4 29 34
12 4 29 39
12 4 29 44
12 4 34 39
12 4 34 44
12 4 39 44
12 9 14 19
12 9 14 24
12 9 14 29
12 9 14 34
12 9 14 39
12 9 14 44
12 9 19 24
12 9 19 29
12 9 19 34
12 9 19 39
12 9 19 44
12 9 24 29
12 9 24 34
12 9 24 39
12 9 24 44
12 9 29 34
12 9 29 39
12 9 29 44
12 9 34 39
12 9 34 44
12 9 39 44
12 14 19 24
12 14 19 29
12 14 19 34
12 14 19 39
12 14 19 44
12 14 24 29
12 14 24 34
12 14 24 39
12 14 24 44
12 14 29 34
12 14 29 39
12 14 29 44
12 14 34 39
12 14 34 44
12 14 39 44
12 19 24 29
12 19 24 34
12 19 24 39
12 19 24 44
12 19 29 34
12 19 29 39
12 19 29 44
12 19 34 39
12 19 34 44
12 19 39 44
12 24 29 34
12 24 29 39
12 24 29 44
12 24 34 39
12 24 34 44
12 24 39 44
12 29 34 39
12 29 34 44
12 29 39 44
12 34 39 44
17 22 27 32
17 22 27 37
17 22 27 42
17 22 27 4
17 22 27 9
17 22 27 14
17 22 27 19
17 22 27 24
17 22 27 29
17 22 27 34
17 22 27 39
17 22 27 44
17 22 32 37
17 22 32 42
17 22 32 4
17 22 32 9
17 22 32 14
17 22 32 19
17 22 32 24
17 22 32 29
17 22 32 34
17 22 32 39
17 22 32 44
17 22 37 42
17 22 37 4
17 22 37 9
17 22 37 14
17 22 37 19
17 22 37 24
17 22 37 29
17 22 37 34
17 22 37 39
17 22 37 44
17 22 42 4
17 22 42 9
17 22 42 14
17 22 42 19
17 22 42 24
17 22 42 29
17 22 42 34
17 22 42 39
17 22 42 44
17 22 4 9
17 22 4 14
17 22 4 19
17 22 4 24
17 22 4 29
17 22 4 34
17 22 4 39
17 22 4 44
17 22 9 14
17 22 9 19
17 22 9 24
17 22 9 29
17 22 9 34
17 22 9 39
17 22 9 44
17 22 14 19
17 22 14 24
17 22 14 29
17 22 14 34
17 22 14 39
17 22 14 44
17 22 19 24
17 22 19 29
17 22 19 34
17 22 19 39
17 22 19 44
17 22 24 29
17 22 24 34
17 22 24 39
17 22 24 44
17 22 29 34
17 22 29 39
17 22 29 44
17 22 34 39
17 22 34 44
17 22 39 44
17 27 32 37
17 27 32 42
17 27 32 4
17 27 32 9
17 27 32 14
17 27 32 19
17 27 32 24
17 27 32 29
17 27 32 34
17 27 32 39
17 27 32 44
17 27 37 42
17 27 37 4
17 27 37 9
17 27 37 14
17 27 37 19
17 27 37 24
17 27 37 29
17 27 37 34
17 27 37 39
17 27 37 44
17 27 42 4
17 27 42 9
17 27 42 14
17 27 42 19
17 27 42 24
17 27 42 29
17 27 42 34
17 27 42 39
17 27 42 44
17 27 4 9
17 27 4 14
17 27 4 19
17 27 4 24
17 27 4 29
17 27 4 34
17 27 4 39
17 27 4 44
17 27 9 14
17 27 9 19
17 27 9 24
17 27 9 29
17 27 9 34
17 27 9 39
17 27 9 44
17 27 14 19
17 27 14 24
17 27 14 29
17 27 14 34
17 27 14 39
17 27 14 44
17 27 19 24
17 27 19 29
17 27 19 34
17 27 19 39
17 27 19 44
17 27 24 29
17 27 24 34
17 27 24 39
17 27 24 44
17 27 29 34
17 27 29 39
17 27 29 44
17 27 34 39
17 27 34 44
17 27 39 44
17 32 37 42
17 32 37 4
17 32 37 9
17 32 37 14
17 32 37 19
17 32 37 24
17 32 37 29
17 32 37 34
17 32 37 39
17 32 37 44
17 32 42 4
17 32 42 9
17 32 42 14
17 32 42 19
17 32 42 24
17 32 42 29
17 32 42 34
17 32 42 39
17 32 42 44
17 32 4 9
17 32 4 14
17 32 4 19
17 32 4 24
17 32 4 29
17 32 4 34
17 32 4 39
17 32 4 44
17 32 9 14
17 32 9 19
17 32 9 24
17 32 9 29
17 32 9 34
17 32 9 39
17 32 9 44
17 32 14 19
17 32 14 24
17 32 14 29
17 32 14 34
17 32 14 39
17 32 14 44
17 32 19 24
17 32 19 29
17 32 19 34
17 32 19 39
17 32 19 44
17 32 24 29
17 32 24 34
17 32 24 39
17 32 24 44
17 32 29 34
17 32 29 39
17 32 29 44
17 32 34 39
17 32 34 44
17 32 39 44
17 37 42 4
17 37 42 9
17 37 42 14
17 37 42 19
17 37 42 24
17 37 42 29
17 37 42 34
17 37 42 39
17 37 42 44
17 37 4 9
17 37 4 14
17 37 4 19
17 37 4 24
17 37 4 29
17 37 4 34
17 37 4 39
17 37 4 44
17 37 9 14
17 37 9 19
17 37 9 24
17 37 9 29
17 37 9 34
17 37 9 39
17 37 9 44
17 37 14 19
17 37 14 24
17 37 14 29
17 37 14 34
17 37 14 39
17 37 14 44
17 37 19 24
17 37 19 29
17 37 19 34
17 37 19 39
17 37 19 44
17 37 24 29
17 37 24 34
17 37 24 39
17 37 24 44
17 37 29 34
17 37 29 39
17 37 29 44
17 37 34 39
17 37 34 44
17 37 39 44
17 42 4 9
17 42 4 14
17 42 4 19
17 42 4 24
17 42 4 29
17 42 4 34
17 42 4 39
17 42 4 44
17 42 9 14
17 42 9 19
17 42 9 24
17 42 9 29
17 42 9 34
17 42 9 39
17 42 9 44
17 42 14 19
17 42 14 24
17 42 14 29
17 42 14 34
17 42 14 39
17 42 14 44
17 42 19 24
17 42 19 29
17 42 19 34
17 42 19 39
17 42 19 44
17 42 24 29
17 42 24 34
17 42 24 39
17 42 24 44
17 42 29 34
17 42 29 39
17 42 29 44
17 42 34 39
17 42 34 44
17 42 39 44
17 4 9 14
17 4 9 19
17 4 9 24
17 4 9 29
17 4 9 34
17 4 9 39
17 4 9 44
17 4 14 19
17 4 14 24
17 4 14 29
17 4 14 34
17 4 14 39
17 4 14 44
17 4 19 24
17 4 19 29
17 4 19 34
17 4 19 39
17 4 19 44
17 4 24 29
17 4 24 34
17 4 24 39
17 4 24 44
17 4 29 34
17 4 29 39
17 4 29 44
17 4 34 39
17 4 34 44
17 4 39 44
17 9 14 19
17 9 14 24
17 9 14 29
17 9 14 34
17 9 14 39
17 9 14 44
17 9 19 24
17 9 19 29
17 9 19 34
17 9 19 39
17 9 19 44
17 9 24 29
17 9 24 34
17 9 24 39
17 9 24 44
17 9 29 34
17 9 29 39
17 9 29 44
17 9 34 39
17 9 34 44
17 9 39 44
17 14 19 24
17 14 19 29
17 14 19 34
17 14 19 39
17 14 19 44
17 14 24 29
17 14 24 34
17 14 24 39
17 14 24 44
17 14 29 34
17 14 29 39
17 14 29 44
17 14 34 39
17 14 34 44
17 14 39 44
17 19 24 29
17 19 24 34
17 19 24 39
17 19 24 44
17 19 29 34
17 19 29 39
17 19 29 44
17 19 34 39
17 19 34 44
17 19 39 44
17 24 29 34
17 24 29 39
17 24 29 44
17 24 34 39
17 24 34 44
17 24 39 44
17 29 34 39
17 29 34 44
17 29 39 44
17 34 39 44
22 27 32 37
22 27 32 42
22 27 32 4
22 27 32 9
22 27 32 14
22 27 32 19
22 27 32 24
22 27 32 29
22 27 32 34
22 27 32 39
22 27 32 44
22 27 37 42
22 27 37 4
22 27 37 9
22 27 37 14
22 27 37 19
22 27 37 24
22 27 37 29
22 27 37 34
22 27 37 39
22 27 37 44
22 27 42 4
22 27 42 9
22 27 42 14
22 27 42 19
22 27 42 24
22 27 42 29
22 27 42 34
22 27 42 39
22 27 42 44
22 27 4 9
22 27 4 14
22 27 4 19
22 27 4 24
22 27 4 29
22 27 4 34
22 27 4 39
22 27 4 44
22 27 9 14
22 27 9 19
22 27 9 24
22 27 9 29
22 27 9 34
22 27 9 39
22 27 9 44
22 27 14 19
22 27 14 24
22 27 14 29
22 27 14 34
22 27 14 39
22 27 14 44
22 27 19 24
22 27 19 29
22 27 19 34
22 27 19 39
22 27 19 44
22 27 24 29
22 27 24 34
22 27 24 39
22 27 24 44
22 27 29 34
22 27 29 39
22 27 29 44
22 27 34 39
22 27 34 44
22 27 39 44
22 32 37 42
22 32 37 4
22 32 37 9
22 32 37 14
22 32 37 19
22 32 37 24
22 32 37 29
22 32 37 34
22 32 37 39
22 32 37 44
22 32 42 4
22 32 42 9
22 32 42 14
22 32 42 19
22 32 42 24
22 32 42 29
22 32 42 34
22 32 42 39
22 32 42 44
22 32 4 9
22 32 4 14
22 32 4 19
22 32 4 24
22 32 4 29
22 32 4 34
22 32 4 39
22 32 4 44
22 32 9 14
22 32 9 19
22 32 9 24
22 32 9 29
22 32 9 34
22 32 9 39
22 32 9 44
22 32 14 19
22 32 14 24
22 32 14 29
22 32 14 34
22 32 14 39
22 32 14 44
22 32 19 24
22 32 19 29
22 32 19 34
22 32 19 39
22 32 19 44
22 32 24 29
22 32 24 34
22 32 24 39
22 32 24 44
22 32 29 34
22 32 29 39
22 32 29 44
22 32 34 39
22 32 34 44
22 32 39 44
22 37 42 4
22 37 42 9
22 37 42 14
22 37 42 19
22 37 42 24
22 37 42 29
22 37 42 34
22 37 42 39
22 37 42 44
22 37 4 9
22 37 4 14
22 37 4 19
22 37 4 24
22 37 4 29
22 37 4 34
22 37 4 39
22 37 4 44
22 37 9 14
22 37 9 19
22 37 9 24
22 37 9 29
22 37 9 34
22 37 9 39
22 37 9 44
22 37 14 19
22 37 14 24
22 37 14 29
22 37 14 34
22 37 14 39
22 37 14 44
22 37 19 24
22 37 19 29
22 37 19 34
22 37 19 39
22 37 19 44
22 37 24 29
22 37 24 34
22 37 24 39
22 37 24 44
22 37 29 34
22 37 29 39
22 37 29 44
22 37 34 39
22 37 34 44
22 37 39 44
22 42 4 9
22 42 4 14
22 42 4 19
22 42 4 24
22 42 4 29
22 42 4 34
22 42 4 39
22 42 4 44
22 42 9 14
22 42 9 19
22 42 9 24
22 42 9 29
22 42 9 34
22 42 9 39
22 42 9 44
22 42 14 19
22 42 14 24
22 42 14 29
22 42 14 34
22 42 14 39
22 42 14 44
22 42 19 24
22 42 19 29
22 42 19 34
22 42 19 39
22 42 19 44
22 42 24 29
22 42 24 34
22 42 24 39
22 42 24 44
22 42 29 34
22 42 29 39
22 42 29 44
22 42 34 39
22 42 34 44
22 42 39 44
22 4 9 14
22 4 9 19
22 4 9 24
22 4 9 29
22 4 9 34
22 4 9 39
22 4 9 44
22 4 14 19
22 4 14 24
22 4 14 29
22 4 14 34
22 4 14 39
22 4 14 44
22 4 19 24
22 4 19 29
22 4 19 34
22 4 19 39
22 4 19 44
22 4 24 29
22 4 24 34
22 4 24 39
22 4 24 44
22 4 29 34
22 4 29 39
22 4 29 44
22 4 34 39
22 4 34 44
22 4 39 44
22 9 14 19
22 9 14 24
22 9 14 29
22 9 14 34
22 9 14 39
22 9 14 44
22 9 19 24
22 9 19 29
22 9 19 34
22 9 19 39
22 9 19 44
22 9 24 29
22 9 24 34
22 9 24 39
22 9 24 44
22 9 29 34
22 9 29 39
22 9 29 44
22 9 34 39
22 9 34 44
22 9 39 44
22 14 19 24
22 14 19 29
22 14 19 34
22 14 19 39
22 14 19 44
22 14 24 29
22 14 24 34
22 14 24 39
22 14 24 44
22 14 29 34
22 14 29 39
22 14 29 44
22 14 34 39
22 14 34 44
22 14 39 44
22 19 24 29
22 19 24 34
22 19 24 39
22 19 24 44
22 19 29 34
22 19 29 39
22 19 29 44
22 19 34 39
22 19 34 44
22 19 39 44
22 24 29 34
22 24 29 39
22 24 29 44
22 24 34 39
22 24 34 44
22 24 39 44
22 29 34 39
22 29 34 44
22 29 39 44
22 34 39 44
27 32 37 42
27 32 37 4
27 32 37 9
27 32 37 14
27 32 37 19
27 32 37 24
27 32 37 29
27 32 37 34
27 32 37 39
27 32 37 44
27 32 42 4
27 32 42 9
27 32 42 14
27 32 42 19
27 32 42 24
27 32 42 29
27 32 42 34
27 32 42 39
27 32 42 44
27 32 4 9
27 32 4 14
27 32 4 19
27 32 4 24
27 32 4 29
27 32 4 34
27 32 4 39
27 32 4 44
27 32 9 14
27 32 9 19
27 32 9 24
27 32 9 29
27 32 9 34
27 32 9 39
27 32 9 44
27 32 14 19
27 32 14 24
27 32 14 29
27 32 14 34
27 32 14 39
27 32 14 44
27 32 19 24
27 32 19 29
27 32 19 34
27 32 19 39
27 32 19 44
27 32 24 29
27 32 24 34
27 32 24 39
27 32 24 44
27 32 29 34
27 32 29 39
27 32 29 44
27 32 34 39
27 32 34 44
27 32 39 44
27 37 42 4
27 37 42 9
27 37 42 14
27 37 42 19
27 37 42 24
27 37 42 29
27 37 42 34
27 37 42 39
27 37 42 44
27 37 4 9
27 37 4 14
27 37 4 19
27 37 4 24
27 37 4 29
27 37 4 34
27 37 4 39
27 37 4 44
27 37 9 14
27 37 9 19
27 37 9 24
27 37 9 29
27 37 9 34
27 37 9 39
27 37 9 44
27 37 14 19
27 37 14 24
27 37 14 29
27 37 14 34
27 37 14 39
27 37 14 44
27 37 19 24
27 37 19 29
27 37 19 34
27 37 19 39
27 37 19 44
27 37 24 29
27 37 24 34
27 37 24 39
27 37 24 44
27 37 29 34
27 37 29 39
27 37 29 44
27 37 34 39
27 37 34 44
27 37 39 44
27 42 4 9
27 42 4 14
27 42 4 19
27 42 4 24
27 42 4 29
27 42 4 34
27 42 4 39
27 42 4 44
27 42 9 14
27 42 9 19
27 42 9 24
27 42 9 29
27 42 9 34
27 42 9 39
27 42 9 44
27 42 14 19
27 42 14 24
27 42 14 29
27 42 14 34
27 42 14 39
27 42 14 44
27 42 19 24
27 42 19 29
27 42 19 34
27 42 19 39
27 42 19 44
27 42 24 29
27 42 24 34
27 42 24 39
27 42 24 44
27 42 29 34
27 42 29 39
27 42 29 44
27 42 34 39
27 42 34 44
27 42 39 44
27 4 9 14
27 4 9 19
27 4 9 24
27 4 9 29
27 4 9 34
27 4 9 39
27 4 9 44
27 4 14 19
27 4 14 24
27 4 14 29
27 4 14 34
27 4 14 39
27 4 14 44
27 4 19 24
27 4 19 29
27 4 19 34
27 4 19 39
27 4 19 44
27 4 24 29
27 4 24 34
27 4 24 39
27 4 24 44
27 4 29 34
27 4 29 39
27 4 29 44
27 4 34 39
27 4 34 44
27 4 39 44
27 9 14 19
27 9 14 24
27 9 14 29
27 9 14 34
27 9 14 39
27 9 14 44
27 9 19 24
27 9 19 29
27 9 19 34
27 9 19 39
27 9 19 44
27 9 24 29
27 9 24 34
27 9 24 39
27 9 24 44
27 9 29 34
27 9 29 39
27 9 29 44
27 9 34 39
27 9 34 44
27 9 39 44
27 14 19 24
27 14 19 29
27 14 19 34
27 14 19 39
27 14 19 44
27 14 24 29
27 14 24 34
27 14 24 39
27 14 24 44
27 14 29 34
27 14 29 39
27 14 29 44
27 14 34 39
27 14 34 44
27 14 39 44
27 19 24 29
27 19 24 34
27 19 24 39
27 19 24 44
27 19 29 34
27 19 29 39
27 19 29 44
27 19 34 39
27 19 34 44
27 19 39 44
27 24 29 34
27 24 29 39
27 24 29 44
27 24 34 39
27 24 34 44
27 24 39 44
27 29 34 39
27 29 34 44
27 29 39 44
27 34 39 44
32 37 42 4
32 37 42 9
32 37 42 14
32 37 42 19
32 37 42 24
32 37 42 29
32 37 42 34
32 37 42 39
32 37 42 44
32 37 4 9
32 37 4 14
32 37 4 19
32 37 4 24
32 37 4 29
32 37 4 34
32 37 4 39
32 37 4 44
32 37 9 14
32 37 9 19
32 37 9 24
32 37 9 29
32 37 9 34
32 37 9 39
32 37 9 44
32 37 14 19
32 37 14 24
32 37 14 29
32 37 14 34
32 37 14 39
32 37 14 44
32 37 19 24
32 37 19 29
32 37 19 34
32 37 19 39
32 37 19 44
32 37 24 29
32 37 24 34
32 37 24 39
32 37 24 44
32 37 29 34
32 37 29 39
32 37 29 44
32 37 34 39
32 37 34 44
32 37 39 44
32 42 4 9
32 42 4 14
32 42 4 19
32 42 4 24
32 42 4 29
32 42 4 34
32 42 4 39
32 42 4 44
32 42 9 14
32 42 9 19
32 42 9 24
32 42 9 29
32 42 9 34
32 42 9 39
32 42 9 44
32 42 14 19
32 42 14 24
32 42 14 29
32 42 14 34
32 42 14 39
32 42 14 44
32 42 19 24
32 42 19 29
32 42 19 34
32 42 19 39
32 42 19 44
32 42 24 29
32 42 24 34
32 42 24 39
32 42 24 44
32 42 29 34
32 42 29 39
32 42 29 44
32 42 34 39
32 42 34 44
32 42 39 44
32 4 9 14
32 4 9 19
32 4 9 24
32 4 9 29
32 4 9 34
32 4 9 39
32 4 9 44
32 4 14 19
32 4 14 24
32 4 14 29
32 4 14 34
32 4 14 39
32 4 14 44
32 4 19 24
32 4 19 29
32 4 19 34
32 4 19 39
32 4 19 44
32 4 24 29
32 4 24 34
32 4 24 39
32 4 24 44
32 4 29 34
32 4 29 39
32 4 29 44
32 4 34 39
32 4 34 44
32 4 39 44
32 9 14 19
32 9 14 24
32 9 14 29
32 9 14 34
32 9 14 39
32 9 14 44
32 9 19 24
32 9 19 29
32 9 19 34
32 9 19 39
32 9 19 44
32 9 24 29
32 9 24 34
32 9 24 39
32 9 24 44
32 9 29 34
32 9 29 39
32 9 29 44
32 9 34 39
32 9 34 44
32 9 39 44
32 14 19 24
32 14 19 29
32 14 19 34
32 14 19 39
32 14 19 44
32 14 24 29
32 14 24 34
32 14 24 39
32 14 24 44
32 14 29 34
32 14 29 39
32 14 29 44
32 14 34 39
32 14 34 44
32 14 39 44
32 19 24 29
32 19 24 34
32 19 24 39
32 19 24 44
32 19 29 34
32 19 29 39
32 19 29 44
32 19 34 39
32 19 34 44
32 19 39 44
32 24 29 34
32 24 29 39
32 24 29 44
32 24 34 39
32 24 34 44
32 24 39 44
32 29 34 39
32 29 34 44
32 29 39 44
32 34 39 44
37 42 4 9
37 42 4 14
37 42 4 19
37 42 4 24
37 42 4 29
37 42 4 34
37 42 4 39
37 42 4 44
37 42 9 14
37 42 9 19
37 42 9 24
37 42 9 29
37 42 9 34
37 42 9 39
37 42 9 44
37 42 14 19
37 42 14 24
37 42 14 29
37 42 14 34
37 42 14 39
37 42 14 44
37 42 19 24
37 42 19 29
37 42 19 34
37 42 19 39
37 42 19 44
37 42 24 29
37 42 24 34
37 42 24 39
37 42 24 44
37 42 29 34
37 42 29 39
37 42 29 44
37 42 34 39
37 42 34 44
37 42 39 44
37 4 9 14
37 4 9 19
37 4 9 24
37 4 9 29
37 4 9 34
37 4 9 39
37 4 9 44
37 4 14 19
37 4 14 24
37 4 14 29
37 4 14 34
37 4 14 39
37 4 14 44
37 4 19 24
37 4 19 29
37 4 19 34
37 4 19 39
37 4 19 44
37 4 24 29
37 4 24 34
37 4 24 39
37 4 24 44
37 4 29 34
37 4 29 39
37 4 29 44
37 4 34 39
37 4 34 44
37 4 39 44
37 9 14 19
37 9 14 24
37 9 14 29
37 9 14 34
37 9 14 39
37 9 14 44
37 9 19 24
37 9 19 29
37 9 19 34
37 9 19 39
37 9 19 44
37 9 24 29
37 9 24 34
37 9 24 39
37 9 24 44
37 9 29 34
37 9 29 39
37 9 29 44
37 9 34 39
37 9 34 44
37 9 39 44
37 14 19 24
37 14 19 29
37 14 19 34
37 14 19 39
37 14 19 44
37 14 24 29
37 14 24 34
37 14 24 39
37 14 24 44
37 14 29 34
37 14 29 39
37 14 29 44
37 14 34 39
37 14 34 44
37 14 39 44
37 19 24 29
37 19 24 34
37 19 24 39
37 19 24 44
37 19 29 34
37 19 29 39
37 19 29 44
37 19 34 39
37 19 34 44
37 19 39 44
37 24 29 34
37 24 29 39
37 24 29 44
37 24 34 39
37 24 34 44
37 24 39 44
37 29 34 39
37 29 34 44
37 29 39 44
37 34 39 44
42 4 9 14
42 4 9 19
42 4 9 24
42 4 9 29
42 4 9 34
42 4 9 39
42 4 9 44
42 4 14 19
42 4 14 24
42 4 14 29
42 4 14 34
42 4 14 39
42 4 14 44
42 4 19 24
42 4 19 29
42 4 19 34
42 4 19 39
42 4 19 44
42 4 24 29
42 4 24 34
42 4 24 39
42 4 24 44
42 4 29 34
42 4 29 39
42 4 29 44
42 4 34 39
42 4 34 44
42 4 39 44
42 9 14 19
42 9 14 24
42 9 14 29
42 9 14 34
42 9 14 39
42 9 14 44
42 9 19 24
42 9 19 29
42 9 19 34
42 9 19 39
42 9 19 44
42 9 24 29
42 9 24 34
42 9 24 39
42 9 24 44
42 9 29 34
42 9 29 39
42 9 29 44
42 9 34 39
42 9 34 44
42 9 39 44
42 14 19 24
42 14 19 29
42 14 19 34
42 14 19 39
42 14 19 44
42 14 24 29
42 14 24 34
42 14 24 39
42 14 24 44
42 14 29 34
42 14 29 39
42 14 29 44
42 14 34 39
42 14 34 44
42 14 39 44
42 19 24 29
42 19 24 34
42 19 24 39
42 19 24 44
42 19 29 34
42 19 29 39
42 19 29 44
42 19 34 39
42 19 34 44
42 19 39 44
42 24 29 34
42 24 29 39
42 24 29 44
42 24 34 39
42 24 34 44
42 24 39 44
42 29 34 39
42 29 34 44
42 29 39 44
42 34 39 44
4 9 14 19
4 9 14 24
4 9 14 29
4 9 14 34
4 9 14 39
4 9 14 44
4 9 19 24
4 9 19 29
4 9 19 34
4 9 19 39
4 9 19 44
4 9 24 29
4 9 24 34
4 9 24 39
4 9 24 44
4 9 29 34
4 9 29 39
4 9 29 44
4 9 34 39
4 9 34 44
4 9 39 44
4 14 19 24
4 14 19 29
4 14 19 34
4 14 19 39
4 14 19 44
4 14 24 29
4 14 24 34
4 14 24 39
4 14 24 44
4 14 29 34
4 14 29 39
4 14 29 44
4 14 34 39
4 14 34 44
4 14 39 44
4 19 24 29
4 19 24 34
4 19 24 39
4 19 24 44
4 19 29 34
4 19 29 39
4 19 29 44
4 19 34 39
4 19 34 44
4 19 39 44
4 24 29 34
4 24 29 39
4 24 29 44
4 24 34 39
4 24 34 44
4 24 39 44
4 29 34 39
4 29 34 44
4 29 39 44
4 34 39 44
9 14 19 24
9 14 19 29
9 14 19 34
9 14 19 39
9 14 19 44
9 14 24 29
9 14 24 34
9 14 24 39
9 14 24 44
9 14 29 34
9 14 29 39
9 14 29 44
9 14 34 39
9 14 34 44
9 14 39 44
9 19 24 29
9 19 24 34
9 19 24 39
9 19 24 44
9 19 29 34
9 19 29 39
9 19 29 44
9 19 34 39
9 19 34 44
9 19 39 44
9 24 29 34
9 24 29 39
9 24 29 44
9 24 34 39
9 24 34 44
9 24 39 44
9 29 34 39
9 29 34 44
9 29 39 44
9 34 39 44
14 19 24 29
14 19 24 34
14 19 24 39
14 19 24 44
14 19 29 34
14 19 29 39
14 19 29 44
14 19 34 39
14 19 34 44
14 19 39 44
14 24 29 34
14 24 29 39
14 24 29 44
14 24 34 39
14 24 34 44
14 24 39 44
14 29 34 39
14 29 34 44
14 29 39 44
14 34 39 44
19 24 29 34
19 24 29 39
19 24 29 44
19 24 34 39
19 24 34 44
19 24 39 44
19 29 34 39
19 29 34 44
19 29 39 44
19 34 39 44
24 29 34 39
24 29 34 44
24 29 39 44
24 34 39 44
29 34 39 44
