2 7 12 17
2 7 12 22
2 7 12 27
2 7 12 32
2 7 12 37
2 7 12 42
2 7 12 5
2 7 12 10
2 7 12 15
2 7 12 20
2 7 12 25
2 7 12 30
2 7 12 35
2 7 12 40
2 7 12 45
2 7 17 22
2 7 17 27
2 7 17 32
2 7 17 37
2 7 17 42
2 7 17 5
2 7 17 10
2 7 17 15
2 7 17 20
2 7 17 25
2 7 17 30
2 7 17 35
2 7 17 40
2 7 17 45
2 7 22 27
2 7 22 32
2 7 22 37
2 7 22 42
2 7 22 5
2 7 22 10
2 7 22 15
2 7 22 20
2 7 22 25
2 7 22 30
2 7 22 35
2 7 22 40
2 7 22 45
2 7 27 32
2 7 27 37
2 7 27 42
2 7 27 5
2 7 27 10
2 7 27 15
2 7 27 20
2 7 27 25
2 7 27 30
2 7 27 35
2 7 27 40
2 7 27 45
2 7 32 37
2 7 32 42
2 7 32 5
2 7 32 10
2 7 32 15
2 7 32 20
2 7 32 25
2 7 32 30
2 7 32 35
2 7 32 40
2 7 32 45
2 7 37 42
2 7 37 5
2 7 37 10
2 7 37 15
2 7 37 20
2 7 37 25
2 7 37 30
2 7 37 35
2 7 37 40
2 7 37 45
2 7 42 5
2 7 42 10
2 7 42 15
2 7 42 20
2 7 42 25
2 7 42 30
2 7 42 35
2 7 42 40
2 7 42 45
2 7 5 10
2 7 5 15
2 7 5 20
2 7 5 25
2 7 5 30
2 7 5 35
2 7 5 40
2 7 5 45
2 7 10 15
2 7 10 20
2 7 10 25
2 7 10 30
2 7 10 35
2 7 10 40
2 7 10 45
2 7 15 20
2 7 15 25
2 7 15 30
2 7 15 35
2 7 15 40
2 7 15 45
2 7 20 25
2 7 20 30
2 7 20 35
2 7 20 40
2 7 20 45
2 7 25 30
2 7 25 35
2 7 25 40
2 7 25 45
2 7 30 35
2 7 30 40
2 7 30 45
2 7 35 40
2 7 35 45
2 7 40 45
2 12 17 22
2 12 17 27
2 12 17 32
2 12 17 37
2 12 17 42
2 12 17 5
2 12 17 10
2 12 17 15
2 12 17 20
2 12 17 25
2 12 17 30
2 12 17 35
2 12 17 40
2 12 17 45
2 12 22 27
2 12 22 32
2 12 22 37
2 12 22 42
2 12 22 5
2 12 22 10
2 12 22 15
2 12 22 20
2 12 22 25
2 12 22 30
2 12 22 35
2 12 22 40
2 12 22 45
2 12 27 32
2 12 27 37
2 12 27 42
2 12 27 5
2 12 27 10
2 12 27 15
2 12 27 20
2 12 27 25
2 12 27 30
2 12 27 35
2 12 27 40
2 12 27 45
2 12 32 37
2 12 32 42
2 12 32 5
2 12 32 10
2 12 32 15
2 12 32 20
2 12 32 25
2 12 32 30
2 12 32 35
2 12 32 40
2 12 32 45
2 12 37 42
2 12 37 5
2 12 37 10
2 12 37 15
2 12 37 20
2 12 37 25
2 12 37 30
2 12 37 35
2 12 37 40
2 12 37 45
2 12 42 5
2 12 42 10
2 12 42 15
2 12 42 20
2 12 42 25
2 12 42 30
2 12 42 35
2 12 42 40
2 12 42 45
2 12 5 10
2 12 5 15
2 12 5 20
2 12 5 25
2 12 5 30
2 12 5 35
2 12 5 40
2 12 5 45
2 12 10 15
2 12 10 20
2 12 10 25
2 12 10 30
2 12 10 35
2 12 10 40
2 12 10 45
2 12 15 20
2 12 15 25
2 12 15 30
2 12 15 35
2 12 15 40
2 12 15 45
2 12 20 25
2 12 20 30
2 12 20 35
2 12 20 40
2 12 20 45
2 12 25 30
2 12 25 35
2 12 25 40
2 12 25 45
2 12 30 35
2 12 30 40
2 12 30 45
2 12 35 40
2 12 35 45
2 12 40 45
2 17 22 27
2 17 22 32
2 17 22 37
2 17 22 42
2 17 22 5
2 17 22 10
2 17 22 15
2 17 22 20
2 17 22 25
2 17 22 30
2 17 22 35
2 17 22 40
2 17 22 45
2 17 27 32
2 17 27 37
2 17 27 42
2 17 27 5
2 17 27 10
2 17 27 15
2 17 27 20
2 17 27 25
2 17 27 30
2 17 27 35
2 17 27 40
2 17 27 45
2 17 32 37
2 17 32 42
2 17 32 5
2 17 32 10
2 17 32 15
2 17 32 20
2 17 32 25
2 17 32 30
2 17 32 35
2 17 32 40
2 17 32 45
2 17 37 42
2 17 37 5
2 17 37 10
2 17 37 15
2 17 37 20
2 17 37 25
2 17 37 30
2 17 37 35
2 17 37 40
2 17 37 45
2 17 42 5
2 17 42 10
2 17 42 15
2 17 42 20
2 17 42 25
2 17 42 30
2 17 42 35
2 17 42 40
2 17 42 45
2 17 5 10
2 17 5 15
2 17 5 20
2 17 5 25
2 17 5 30
2 17 5 35
2 17 5 40
2 17 5 45
2 17 10 15
2 17 10 20
2 17 10 25
2 17 10 30
2 17 10 35
2 17 10 40
2 17 10 45
2 17 15 20
2 17 15 25
2 17 15 30
2 17 15 35
2 17 15 40
2 17 15 45
2 17 20 25
2 17 20 30
2 17 20 35
2 17 20 40
2 17 20 45
2 17 25 30
2 17 25 35
2 17 25 40
2 17 25 45
2 17 30 35
2 17 30 40
2 17 30 45
2 17 35 40
2 17 35 45
2 17 40 45
2 22 27 32
2 22 27 37
2 22 27 42
2 22 27 5
2 22 27 10
2 22 27 15
2 22 27 20
2 22 27 25
2 22 27 30
2 22 27 35
2 22 27 40
2 22 27 45
2 22 32 37
2 22 32 42
2 22 32 5
2 22 32 10
2 22 32 15
2 22 32 20
2 22 32 25
2 22 32 30
2 22 32 35
2 22 32 40
2 22 32 45
2 22 37 42
2 22 37 5
2 22 37 10
2 22 37 15
2 22 37 20
2 22 37 25
2 22 37 30
2 22 37 35
2 22 37 40
2 22 37 45
2 22 42 5
2 22 42 10
2 22 42 15
2 22 42 20
2 22 42 25
2 22 42 30
2 22 42 35
2 22 42 40
2 22 42 45
2 22 5 10
2 22 5 15
2 22 5 20
2 22 5 25
2 22 5 30
2 22 5 35
2 22 5 40
2 22 5 45
2 22 10 15
2 22 10 20
2 22 10 25
2 22 10 30
2 22 10 35
2 22 10 40
2 22 10 45
2 22 15 20
2 22 15 25
2 22 15 30
2 22 15 35
2 22 15 40
2 22 15 45
2 22 20 25
2 22 20 30
2 22 20 35
2 22 20 40
2 22 20 45
2 22 25 30
2 22 25 35
2 22 25 40
2 22 25 45
2 22 30 35
2 22 30 40
2 22 30 45
2 22 35 40
2 22 35 45
2 22 40 45
2 27 32 37
2 27 32 42
2 27 32 5
2 27 32 10
2 27 32 15
2 27 32 20
2 27 32 25
2 27 32 30
2 27 32 35
2 27 32 40
2 27 32 45
2 27 37 42
2 27 37 5
2 27 37 10
2 27 37 15
2 27 37 20
2 27 37 25
2 27 37 30
2 27 37 35
2 27 37 40
2 27 37 45
2 27 42 5
2 27 42 10
2 27 42 15
2 27 42 20
2 27 42 25
2 27 42 30
2 27 42 35
2 27 42 40
2 27 42 45
2 27 5 10
2 27 5 15
2 27 5 20
2 27 5 25
2 27 5 30
2 27 5 35
2 27 5 40
2 27 5 45
2 27 10 15
2 27 10 20
2 27 10 25
2 27 10 30
2 27 10 35
2 27 10 40
2 27 10 45
2 27 15 20
2 27 15 25
2 27 15 30
2 27 15 35
2 27 15 40
2 27 15 45
2 27 20 25
2 27 20 30
2 27 20 35
2 27 20 40
2 27 20 45
2 27 25 30
2 27 25 35
2 27 25 40
2 27 25 45
2 27 30 35
2 27 30 40
2 27 30 45
2 27 35 40
2 27 35 45
2 27 40 45
2 32 37 42
2 32 37 5
2 32 37 10
2 32 37 15
2 32 37 20
2 32 37 25
2 32 37 30
2 32 37 35
2 32 37 40
2 32 37 45
2 32 42 5
2 32 42 10
2 32 42 15
2 32 42 20
2 32 42 25
2 32 42 30
2 32 42 35
2 32 42 40
2 32 42 45
2 32 5 10
2 32 5 15
2 32 5 20
2 32 5 25
2 32 5 30
2 32 5 35
2 32 5 40
2 32 5 45
2 32 10 15
2 32 10 20
2 32 10 25
2 32 10 30
2 32 10 35
2 32 10 40
2 32 10 45
2 32 15 20
2 32 15 25
2 32 15 30
2 32 15 35
2 32 15 40
2 32 15 45
2 32 20 25
2 32 20 30
2 32 20 35
2 32 20 40
2 32 20 45
2 32 25 30
2 32 25 35
2 32 25 40
2 32 25 45
2 32 30 35
2 32 30 40
2 32 30 45
2 32 35 40
2 32 35 45
2 32 40 45
2 37 42 5
2 37 42 10
2 37 42 15
2 37 42 20
2 37 42 25
2 37 42 30
2 37 42 35
2 37 42 40
2 37 42 45
2 37 5 10
2 37 5 15
2 37 5 20
2 37 5 25
2 37 5 30
2 37 5 35
2 37 5 40
2 37 5 45
2 37 10 15
2 37 10 20
2 37 10 25
2 37 10 30
2 37 10 35
2 37 10 40
2 37 10 45
2 37 15 20
2 37 15 25
2 37 15 30
2 37 15 35
2 37 15 40
2 37 15 45
2 37 20 25
2 37 20 30
2 37 20 35
2 37 20 40
2 37 20 45
2 37 25 30
2 37 25 35
2 37 25 40
2 37 25 45
2 37 30 35
2 37 30 40
2 37 30 45
2 37 35 40
2 37 35 45
2 37 40 45
2 42 5 10
2 42 5 15
2 42 5 20
2 42 5 25
2 42 5 30
2 42 5 35
2 42 5 40
2 42 5 45
2 42 10 15
2 42 10 20
2 42 10 25
2 42 10 30
2 42 10 35
2 42 10 40
2 42 10 45
2 42 15 20
2 42 15 25
2 42 15 30
2 42 15 35
2 42 15 40
2 42 15 45
2 42 20 25
2 42 20 30
2 42 20 35
2 42 20 40
2 42 20 45
2 42 25 30
2 42 25 35
2 42 25 40
2 42 25 45
2 42 30 35
2 42 30 40
2 42 30 45
2 42 35 40
2 42 35 45
2 42 40 45
2 5 10 15
2 5 10 20
2 5 10 25
2 5 10 30
2 5 10 35
2 5 10 40
2 5 10 45
2 5 15 20
2 5 15 25
2 5 15 30
2 5 15 35
2 5 15 40
2 5 15 45
2 5 20 25
2 5 20 30
2 5 20 35
2 5 20 40
2 5 20 45
2 5 25 30
2 5 25 35
2 5 25 40
2 5 25 45
2 5 30 35
2 5 30 40
2 5 30 45
2 5 35 40
2 5 35 45
2 5 40 45
2 10 15 20
2 10 15 25
2 10 15 30
2 10 15 35
2 10 15 40
2 10 15 45
2 10 20 25
2 10 20 30
2 10 20 35
2 10 20 40
2 10 20 45
2 10 25 30
2 10 25 35
2 10 25 40
2 10 25 45
2 10 30 35
2 10 30 40
2 10 30 45
2 10 35 40
2 10 35 45
2 10 40 45
2 15 20 25
2 15 20 30
2 15 20 35
2 15 20 40
2 15 20 45
2 15 25 30
2 15 25 35
2 15 25 40
2 15 25 45
2 15 30 35
2 15 30 40
2 15 30 45
2 15 35 40
2 15 35 45
2 15 40 45
2 20 25 30
2 20 25 35
2 20 25 40
2 20 25 45
2 20 30 35
2 20 30 40
2 20 30 45
2 20 35 40
2 20 35 45
2 20 40 45
2 25 30 35
2 25 30 40
2 25 30 45
2 25 35 40
2 25 35 45
2 25 40 45
2 30 35 40
2 30 35 45
2 30 40 45
2 35 40 45
7 12 17 22
7 12 17 27
7 12 17 32
7 12 17 37
7 12 17 42
7 12 17 5
7 12 17 10
7 12 17 15
7 12 17 20
7 12 17 25
7 12 17 30
7 12 17 35
7 12 17 40
7 12 17 45
7 12 22 27
7 12 22 32
7 12 22 37
7 12 22 42
7 12 22 5
7 12 22 10
7 12 22 15
7 12 22 20
7 12 22 25
7 12 22 30
7 12 22 35
7 12 22 40
7 12 22 45
7 12 27 32
7 12 27 37
7 12 27 42
7 12 27 5
7 12 27 10
7 12 27 15
7 12 27 20
7 12 27 25
7 12 27 30
7 12 27 35
7 12 27 40
7 12 27 45
7 12 32 37
7 12 32 42
7 12 32 5
7 12 32 10
7 12 32 15
7 12 32 20
7 12 32 25
7 12 32 30
7 12 32 35
7 12 32 40
7 12 32 45
7 12 37 42
7 12 37 5
7 12 37 10
7 12 37 15
7 12 37 20
7 12 37 25
7 12 37 30
7 12 37 35
7 12 37 40
7 12 37 45
7 12 42 5
7 12 42 10
7 12 42 15
7 12 42 20
7 12 42 25
7 12 42 30
7 12 42 35
7 12 42 40
7 12 42 45
7 12 5 10
7 12 5 15
7 12 5 20
7 12 5 25
7 12 5 30
7 12 5 35
7 12 5 40
7 12 5 45
7 12 10 15
7 12 10 20
7 12 10 25
7 12 10 30
7 12 10 35
7 12 10 40
7 12 10 45
7 12 15 20
7 12 15 25
7 12 15 30
7 12 15 35
7 12 15 40
7 12 15 45
7 12 20 25
7 12 20 30
7 12 20 35
7 12 20 40
7 12 20 45
7 12 25 30
7 12 25 35
7 12 25 40
7 12 25 45
7 12 30 35
7 12 30 40
7 12 30 45
7 12 35 40
7 12 35 45
7 12 40 45
7 17 22 27
7 17 22 32
7 17 22 37
7 17 22 42
7 17 22 5
7 17 22 10
7 17 22 15
7 17 22 20
7 17 22 25
7 17 22 30
7 17 22 35
7 17 22 40
7 17 22 45
7 17 27 32
7 17 27 37
7 17 27 42
7 17 27 5
7 17 27 10
7 17 27 15
7 17 27 20
7 17 27 25
7 17 27 30
7 17 27 35
7 17 27 40
7 17 27 45
7 17 32 37
7 17 32 42
7 17 32 5
7 17 32 10
7 17 32 15
7 17 32 20
7 17 32 25
7 17 32 30
7 17 32 35
7 17 32 40
7 17 32 45
7 17 37 42
7 17 37 5
7 17 37 10
7 17 37 15
7 17 37 20
7 17 37 25
7 17 37 30
7 17 37 35
7 17 37 40
7 17 37 45
7 17 42 5
7 17 42 10
7 17 42 15
7 17 42 20
7 17 42 25
7 17 42 30
7 17 42 35
7 17 42 40
7 17 42 45
7 17 5 10
7 17 5 15
7 17 5 20
7 17 5 25
7 17 5 30
7 17 5 35
7 17 5 40
7 17 5 45
7 17 10 15
7 17 10 20
7 17 10 25
7 17 10 30
7 17 10 35
7 17 10 40
7 17 10 45
7 17 15 20
7 17 15 25
7 17 15 30
7 17 15 35
7 17 15 40
7 17 15 45
7 17 20 25
7 17 20 30
7 17 20 35
7 17 20 40
7 17 20 45
7 17 25 30
7 17 25 35
7 17 25 40
7 17 25 45
7 17 30 35
7 17 30 40
7 17 30 45
7 17 35 40
7 17 35 45
7 17 40 45
7 22 27 32
7 22 27 37
7 22 27 42
7 22 27 5
7 22 27 10
7 22 27 15
7 22 27 20
7 22 27 25
7 22 27 30
7 22 27 35
7 22 27 40
7 22 27 45
7 22 32 37
7 22 32 42
7 22 32 5
7 22 32 10
7 22 32 15
7 22 32 20
7 22 32 25
7 22 32 30
7 22 32 35
7 22 32 40
7 22 32 45
7 22 37 42
7 22 37 5
7 22 37 10
7 22 37 15
7 22 37 20
7 22 37 25
7 22 37 30
7 22 37 35
7 22 37 40
7 22 37 45
7 22 42 5
7 22 42 10
7 22 42 15
7 22 42 20
7 22 42 25
7 22 42 30
7 22 42 35
7 22 42 40
7 22 42 45
7 22 5 10
7 22 5 15
7 22 5 20
7 22 5 25
7 22 5 30
7 22 5 35
7 22 5 40
7 22 5 45
7 22 10 15
7 22 10 20
7 22 10 25
7 22 10 30
7 22 10 35
7 22 10 40
7 22 10 45
7 22 15 20
7 22 15 25
7 22 15 30
7 22 15 35
7 22 15 40
7 22 15 45
7 22 20 25
7 22 20 30
7 22 20 35
7 22 20 40
7 22 20 45
7 22 25 30
7 22 25 35
7 22 25 40
7 22 25 45
7 22 30 35
7 22 30 40
7 22 30 45
7 22 35 40
7 22 35 45
7 22 40 45
7 27 32 37
7 27 32 42
7 27 32 5
7 27 32 10
7 27 32 15
7 27 32 20
7 27 32 25
7 27 32 30
7 27 32 35
7 27 32 40
7 27 32 45
7 27 37 42
7 27 37 5
7 27 37 10
7 27 37 15
7 27 37 20
7 27 37 25
7 27 37 30
7 27 37 35
7 27 37 40
7 27 37 45
7 27 42 5
7 27 42 10
7 27 42 15
7 27 42 20
7 27 42 25
7 27 42 30
7 27 42 35
7 27 42 40
7 27 42 45
7 27 5 10
7 27 5 15
7 27 5 20
7 27 5 25
7 27 5 30
7 27 5 35
7 27 5 40
7 27 5 45
7 27 10 15
7 27 10 20
7 27 10 25
7 27 10 30
7 27 10 35
7 27 10 40
7 27 10 45
7 27 15 20
7 27 15 25
7 27 15 30
7 27 15 35
7 27 15 40
7 27 15 45
7 27 20 25
7 27 20 30
7 27 20 35
7 27 20 40
7 27 20 45
7 27 25 30
7 27 25 35
7 27 25 40
7 27 25 45
7 27 30 35
7 27 30 40
7 27 30 45
7 27 35 40
7 27 35 45
7 27 40 45
7 32 37 42
7 32 37 5
7 32 37 10
7 32 37 15
7 32 37 20
7 32 37 25
7 32 37 30
7 32 37 35
7 32 37 40
7 32 37 45
7 32 42 5
7 32 42 10
7 32 42 15
7 32 42 20
7 32 42 25
7 32 42 30
7 32 42 35
7 32 42 40
7 32 42 45
7 32 5 10
7 32 5 15
7 32 5 20
7 32 5 25
7 32 5 30
7 32 5 35
7 32 5 40
7 32 5 45
7 32 10 15
7 32 10 20
7 32 10 25
7 32 10 30
7 32 10 35
7 32 10 40
7 32 10 45
7 32 15 20
7 32 15 25
7 32 15 30
7 32 15 35
7 32 15 40
7 32 15 45
7 32 20 25
7 32 20 30
7 32 20 35
7 32 20 40
7 32 20 45
7 32 25 30
7 32 25 35
7 32 25 40
7 32 25 45
7 32 30 35
7 32 30 40
7 32 30 45
7 32 35 40
7 32 35 45
7 32 40 45
7 37 42 5
7 37 42 10
7 37 42 15
7 37 42 20
7 37 42 25
7 37 42 30
7 37 42 35
7 37 42 40
7 37 42 45
7 37 5 10
7 37 5 15
7 37 5 20
7 37 5 25
7 37 5 30
7 37 5 35
7 37 5 40
7 37 5 45
7 37 10 15
7 37 10 20
7 37 10 25
7 37 10 30
7 37 10 35
7 37 10 40
7 37 10 45
7 37 15 20
7 37 15 25
7 37 15 30
7 37 15 35
7 37 15 40
7 37 15 45
7 37 20 25
7 37 20 30
7 37 20 35
7 37 20 40
7 37 20 45
7 37 25 30
7 37 25 35
7 37 25 40
7 37 25 45
7 37 30 35
7 37 30 40
7 37 30 45
7 37 35 40
7 37 35 45
7 37 40 45
7 42 5 10
7 42 5 15
7 42 5 20
7 42 5 25
7 42 5 30
7 42 5 35
7 42 5 40
7 42 5 45
7 42 10 15
7 42 10 20
7 42 10 25
7 42 10 30
7 42 10 35
7 42 10 40
7 42 10 45
7 42 15 20
7 42 15 25
7 42 15 30
7 42 15 35
7 42 15 40
7 42 15 45
7 42 20 25
7 42 20 30
7 42 20 35
7 42 20 40
7 42 20 45
7 42 25 30
7 42 25 35
7 42 25 40
7 42 25 45
7 42 30 35
7 42 30 40
7 42 30 45
7 42 35 40
7 42 35 45
7 42 40 45
7 5 10 15
7 5 10 20
7 5 10 25
7 5 10 30
7 5 10 35
7 5 10 40
7 5 10 45
7 5 15 20
7 5 15 25
7 5 15 30
7 5 15 35
7 5 15 40
7 5 15 45
7 5 20 25
7 5 20 30
7 5 20 35
7 5 20 40
7 5 20 45
7 5 25 30
7 5 25 35
7 5 25 40
7 5 25 45
7 5 30 35
7 5 30 40
7 5 30 45
7 5 35 40
7 5 35 45
7 5 40 45
7 10 15 20
7 10 15 25
7 10 15 30
7 10 15 35
7 10 15 40
7 10 15 45
7 10 20 25
7 10 20 30
7 10 20 35
7 10 20 40
7 10 20 45
7 10 25 30
7 10 25 35
7 10 25 40
7 10 25 45
7 10 30 35
7 10 30 40
7 10 30 45
7 10 35 40
7 10 35 45
7 10 40 45
7 15 20 25
7 15 20 30
7 15 20 35
7 15 20 40
7 15 20 45
7 15 25 30
7 15 25 35
7 15 25 40
7 15 25 45
7 15 30 35
7 15 30 40
7 15 30 45
7 15 35 40
7 15 35 45
7 15 40 45
7 20 25 30
7 20 25 35
7 20 25 40
7 20 25 45
7 20 30 35
7 20 30 40
7 20 30 45
7 20 35 40
7 20 35 45
7 20 40 45
7 25 30 35
7 25 30 40
7 25 30 45
7 25 35 40
7 25 35 45
7 25 40 45
7 30 35 40
7 30 35 45
7 30 40 45
7 35 40 45
12 17 22 27
12 17 22 32
12 17 22 37
12 17 22 42
12 17 22 5
12 17 22 10
12 17 22 15
12 17 22 20
12 17 22 25
12 17 22 30
12 17 22 35
12 17 22 40
12 17 22 45
12 17 27 32
12 17 27 37
12 17 27 42
12 17 27 5
12 17 27 10
12 17 27 15
12 17 27 20
12 17 27 25
12 17 27 30
12 17 27 35
12 17 27 40
12 17 27 45
12 17 32 37
12 17 32 42
12 17 32 5
12 17 32 10
12 17 32 15
12 17 32 20
12 17 32 25
12 17 32 30
12 17 32 35
12 17 32 40
12 17 32 45
12 17 37 42
12 17 37 5
12 17 37 10
12 17 37 15
12 17 37 20
12 17 37 25
12 17 37 30
12 17 37 35
12 17 37 40
12 17 37 45
12 17 42 5
12 17 42 10
12 17 42 15
12 17 42 20
12 17 42 25
12 17 42 30
12 17 42 35
12 17 42 40
12 17 42 45
12 17 5 10
12 17 5 15
12 17 5 20
12 17 5 25
12 17 5 30
12 17 5 35
12 17 5 40
12 17 5 45
12 17 10 15
12 17 10 20
12 17 10 25
12 17 10 30
12 17 10 35
12 17 10 40
12 17 10 45
12 17 15 20
12 17 15 25
12 17 15 30
12 17 15 35
12 17 15 40
12 17 15 45
12 17 20 25
12 17 20 30
12 17 20 35
12 17 20 40
12 17 20 45
12 17 25 30
12 17 25 35
12 17 25 40
12 17 25 45
12 17 30 35
12 17 30 40
12 17 30 45
12 17 35 40
12 17 35 45
12 17 40 45
12 22 27 32
12 22 27 37
12 22 27 42
12 22 27 5
12 22 27 10
12 22 27 15
12 22 27 20
12 22 27 25
12 22 27 30
12 22 27 35
12 22 27 40
12 22 27 45
12 22 32 37
12 22 32 42
12 22 32 5
12 22 32 10
12 22 32 15
12 22 32 20
12 22 32 25
12 22 32 30
12 22 32 35
12 22 32 40
12 22 32 45
12 22 37 42
12 22 37 5
12 22 37 10
12 22 37 15
12 22 37 20
12 22 37 25
12 22 37 30
12 22 37 35
12 22 37 40
12 22 37 45
12 22 42 5
12 22 42 10
12 22 42 15
12 22 42 20
12 22 42 25
12 22 42 30
12 22 42 35
12 22 42 40
12 22 42 45
12 22 5 10
12 22 5 15
12 22 5 20
12 22 5 25
12 22 5 30
12 22 5 35
12 22 5 40
12 22 5 45
12 22 10 15
12 22 10 20
12 22 10 25
12 22 10 30
12 22 10 35
12 22 10 40
12 22 10 45
12 22 15 20
12 22 15 25
12 22 15 30
12 22 15 35
12 22 15 40
12 22 15 45
12 22 20 25
12 22 20 30
12 22 20 35
12 22 20 40
12 22 20 45
12 22 25 30
12 22 25 35
12 22 25 40
12 22 25 45
12 22 30 35
12 22 30 40
12 22 30 45
12 22 35 40
12 22 35 45
12 22 40 45
12 27 32 37
12 27 32 42
12 27 32 5
12 27 32 10
12 27 32 15
12 27 32 20
12 27 32 25
12 27 32 30
12 27 32 35
12 27 32 40
12 27 32 45
12 27 37 42
12 27 37 5
12 27 37 10
12 27 37 15
12 27 37 20
12 27 37 25
12 27 37 30
12 27 37 35
12 27 37 40
12 27 37 45
12 27 42 5
12 27 42 10
12 27 42 15
12 27 42 20
12 27 42 25
12 27 42 30
12 27 42 35
12 27 42 40
12 27 42 45
12 27 5 10
12 27 5 15
12 27 5 20
12 27 5 25
12 27 5 30
12 27 5 35
12 27 5 40
12 27 5 45
12 27 10 15
12 27 10 20
12 27 10 25
12 27 10 30
12 27 10 35
12 27 10 40
12 27 10 45
12 27 15 20
12 27 15 25
12 27 15 30
12 27 15 35
12 27 15 40
12 27 15 45
12 27 20 25
12 27 20 30
12 27 20 35
12 27 20 40
12 27 20 45
12 27 25 30
12 27 25 35
12 27 25 40
12 27 25 45
12 27 30 35
12 27 30 40
12 27 30 45
12 27 35 40
12 27 35 45
12 27 40 45
12 32 37 42
12 32 37 5
12 32 37 10
12 32 37 15
12 32 37 20
12 32 37 25
12 32 37 30
12 32 37 35
12 32 37 40
12 32 37 45
12 32 42 5
12 32 42 10
12 32 42 15
12 32 42 20
12 32 42 25
12 32 42 30
12 32 42 35
12 32 42 40
12 32 42 45
12 32 5 10
12 32 5 15
12 32 5 20
12 32 5 25
12 32 5 30
12 32 5 35
12 32 5 40
12 32 5 45
12 32 10 15
12 32 10 20
12 32 10 25
12 32 10 30
12 32 10 35
12 32 10 40
12 32 10 45
12 32 15 20
12 32 15 25
12 32 15 30
12 32 15 35
12 32 15 40
12 32 15 45
12 32 20 25
12 32 20 30
12 32 20 35
12 32 20 40
12 32 20 45
12 32 25 30
12 32 25 35
12 32 25 40
12 32 25 45
12 32 30 35
12 32 30 40
12 32 30 45
12 32 35 40
12 32 35 45
12 32 40 45
12 37 42 5
12 37 42 10
12 37 42 15
12 37 42 20
12 37 42 25
12 37 42 30
12 37 42 35
12 37 42 40
12 37 42 45
12 37 5 10
12 37 5 15
12 37 5 20
12 37 5 25
12 37 5 30
12 37 5 35
12 37 5 40
12 37 5 45
12 37 10 15
12 37 10 20
12 37 10 25
12 37 10 30
12 37 10 35
12 37 10 40
12 37 10 45
12 37 15 20
12 37 15 25
12 37 15 30
12 37 15 35
12 37 15 40
12 37 15 45
12 37 20 25
12 37 20 30
12 37 20 35
12 37 20 40
12 37 20 45
12 37 25 30
12 37 25 35
12 37 25 40
12 37 25 45
12 37 30 35
12 37 30 40
12 37 30 45
12 37 35 40
12 37 35 45
12 37 40 45
12 42 5 10
12 42 5 15
12 42 5 20
12 42 5 25
12 42 5 30
12 42 5 35
12 42 5 40
12 42 5 45
12 42 10 15
12 42 10 20
12 42 10 25
12 42 10 30
12 42 10 35
12 42 10 40
12 42 10 45
12 42 15 20
12 42 15 25
12 42 15 30
12 42 15 35
12 42 15 40
12 42 15 45
12 42 20 25
12 42 20 30
12 42 20 35
12 42 20 40
12 42 20 45
12 42 25 30
12 42 25 35
12 42 25 40
12 42 25 45
12 42 30 35
12 42 30 40
12 42 30 45
12 42 35 40
12 42 35 45
12 42 40 45
12 5 10 15
12 5 10 20
12 5 10 25
12 5 10 30
12 5 10 35
12 5 10 40
12 5 10 45
12 5 15 20
12 5 15 25
12 5 15 30
12 5 15 35
12 5 15 40
12 5 15 45
12 5 20 25
12 5 20 30
12 5 20 35
12 5 20 40
12 5 20 45
12 5 25 30
12 5 25 35
12 5 25 40
12 5 25 45
12 5 30 35
12 5 30 40
12 5 30 45
12 5 35 40
12 5 35 45
12 5 40 45
12 10 15 20
12 10 15 25
12 10 15 30
12 10 15 35
12 10 15 40
12 10 15 45
12 10 20 25
12 10 20 30
12 10 20 35
12 10 20 40
12 10 20 45
12 10 25 30
12 10 25 35
12 10 25 40
12 10 25 45
12 10 30 35
12 10 30 40
12 10 30 45
12 10 35 40
12 10 35 45
12 10 40 45
12 15 20 25
12 15 20 30
12 15 20 35
12 15 20 40
12 15 20 45
12 15 25 30
12 15 25 35
12 15 25 40
12 15 25 45
12 15 30 35
12 15 30 40
12 15 30 45
12 15 35 40
12 15 35 45
12 15 40 45
12 20 25 30
12 20 25 35
12 20 25 40
12 20 25 45
12 20 30 35
12 20 30 40
12 20 30 45
12 20 35 40
12 20 35 45
12 20 40 45
12 25 30 35
12 25 30 40
12 25 30 45
12 25 35 40
12 25 35 45
12 25 40 45
12 30 35 40
12 30 35 45
12 30 40 45
12 35 40 45
17 22 27 32
17 22 27 37
17 22 27 42
17 22 27 5
17 22 27 10
17 22 27 15
17 22 27 20
17 22 27 25
17 22 27 30
17 22 27 35
17 22 27 40
17 22 27 45
17 22 32 37
17 22 32 42
17 22 32 5
17 22 32 10
17 22 32 15
17 22 32 20
17 22 32 25
17 22 32 30
17 22 32 35
17 22 32 40
17 22 32 45
17 22 37 42
17 22 37 5
17 22 37 10
17 22 37 15
17 22 37 20
17 22 37 25
17 22 37 30
17 22 37 35
17 22 37 40
17 22 37 45
17 22 42 5
17 22 42 10
17 22 42 15
17 22 42 20
17 22 42 25
17 22 42 30
17 22 42 35
17 22 42 40
17 22 42 45
17 22 5 10
17 22 5 15
17 22 5 20
17 22 5 25
17 22 5 30
17 22 5 35
17 22 5 40
17 22 5 45
17 22 10 15
17 22 10 20
17 22 10 25
17 22 10 30
17 22 10 35
17 22 10 40
17 22 10 45
17 22 15 20
17 22 15 25
17 22 15 30
17 22 15 35
17 22 15 40
17 22 15 45
17 22 20 25
17 22 20 30
17 22 20 35
17 22 20 40
17 22 20 45
17 22 25 30
17 22 25 35
17 22 25 40
17 22 25 45
17 22 30 35
17 22 30 40
17 22 30 45
17 22 35 40
17 22 35 45
17 22 40 45
17 27 32 37
17 27 32 42
17 27 32 5
17 27 32 10
17 27 32 15
17 27 32 20
17 27 32 25
17 27 32 30
17 27 32 35
17 27 32 40
17 27 32 45
17 27 37 42
17 27 37 5
17 27 37 10
17 27 37 15
17 27 37 20
17 27 37 25
17 27 37 30
17 27 37 35
17 27 37 40
17 27 37 45
17 27 42 5
17 27 42 10
17 27 42 15
17 27 42 20
17 27 42 25
17 27 42 30
17 27 42 35
17 27 42 40
17 27 42 45
17 27 5 10
17 27 5 15
17 27 5 20
17 27 5 25
17 27 5 30
17 27 5 35
17 27 5 40
17 27 5 45
17 27 10 15
17 27 10 20
17 27 10 25
17 27 10 30
17 27 10 35
17 27 10 40
17 27 10 45
17 27 15 20
17 27 15 25
17 27 15 30
17 27 15 35
17 27 15 40
17 27 15 45
17 27 20 25
17 27 20 30
17 27 20 35
17 27 20 40
17 27 20 45
17 27 25 30
17 27 25 35
17 27 25 40
17 27 25 45
17 27 30 35
17 27 30 40
17 27 30 45
17 27 35 40
17 27 35 45
17 27 40 45
17 32 37 42
17 32 37 5
17 32 37 10
17 32 37 15
17 32 37 20
17 32 37 25
17 32 37 30
17 32 37 35
17 32 37 40
17 32 37 45
17 32 42 5
17 32 42 10
17 32 42 15
17 32 42 20
17 32 42 25
17 32 42 30
17 32 42 35
17 32 42 40
17 32 42 45
17 32 5 10
17 32 5 15
17 32 5 20
17 32 5 25
17 32 5 30
17 32 5 35
17 32 5 40
17 32 5 45
17 32 10 15
17 32 10 20
17 32 10 25
17 32 10 30
17 32 10 35
17 32 10 40
17 32 10 45
17 32 15 20
17 32 15 25
17 32 15 30
17 32 15 35
17 32 15 40
17 32 15 45
17 32 20 25
17 32 20 30
17 32 20 35
17 32 20 40
17 32 20 45
17 32 25 30
17 32 25 35
17 32 25 40
17 32 25 45
17 32 30 35
17 32 30 40
17 32 30 45
17 32 35 40
17 32 35 45
17 32 40 45
17 37 42 5
17 37 42 10
17 37 42 15
17 37 42 20
17 37 42 25
17 37 42 30
17 37 42 35
17 37 42 40
17 37 42 45
17 37 5 10
17 37 5 15
17 37 5 20
17 37 5 25
17 37 5 30
17 37 5 35
17 37 5 40
17 37 5 45
17 37 10 15
17 37 10 20
17 37 10 25
17 37 10 30
17 37 10 35
17 37 10 40
17 37 10 45
17 37 15 20
17 37 15 25
17 37 15 30
17 37 15 35
17 37 15 40
17 37 15 45
17 37 20 25
17 37 20 30
17 37 20 35
17 37 20 40
17 37 20 45
17 37 25 30
17 37 25 35
17 37 25 40
17 37 25 45
17 37 30 35
17 37 30 40
17 37 30 45
17 37 35 40
17 37 35 45
17 37 40 45
17 42 5 10
17 42 5 15
17 42 5 20
17 42 5 25
17 42 5 30
17 42 5 35
17 42 5 40
17 42 5 45
17 42 10 15
17 42 10 20
17 42 10 25
17 42 10 30
17 42 10 35
17 42 10 40
17 42 10 45
17 42 15 20
17 42 15 25
17 42 15 30
17 42 15 35
17 42 15 40
17 42 15 45
17 42 20 25
17 42 20 30
17 42 20 35
17 42 20 40
17 42 20 45
17 42 25 30
17 42 25 35
17 42 25 40
17 42 25 45
17 42 30 35
17 42 30 40
17 42 30 45
17 42 35 40
17 42 35 45
17 42 40 45
17 5 10 15
17 5 10 20
17 5 10 25
17 5 10 30
17 5 10 35
17 5 10 40
17 5 10 45
17 5 15 20
17 5 15 25
17 5 15 30
17 5 15 35
17 5 15 40
17 5 15 45
17 5 20 25
17 5 20 30
17 5 20 35
17 5 20 40
17 5 20 45
17 5 25 30
17 5 25 35
17 5 25 40
17 5 25 45
17 5 30 35
17 5 30 40
17 5 30 45
17 5 35 40
17 5 35 45
17 5 40 45
17 10 15 20
17 10 15 25
17 10 15 30
17 10 15 35
17 10 15 40
17 10 15 45
17 10 20 25
17 10 20 30
17 10 20 35
17 10 20 40
17 10 20 45
17 10 25 30
17 10 25 35
17 10 25 40
17 10 25 45
17 10 30 35
17 10 30 40
17 10 30 45
17 10 35 40
17 10 35 45
17 10 40 45
17 15 20 25
17 15 20 30
17 15 20 35
17 15 20 40
17 15 20 45
17 15 25 30
17 15 25 35
17 15 25 40
17 15 25 45
17 15 30 35
17 15 30 40
17 15 30 45
17 15 35 40
17 15 35 45
17 15 40 45
17 20 25 30
17 20 25 35
17 20 25 40
17 20 25 45
17 20 30 35
17 20 30 40
17 20 30 45
17 20 35 40
17 20 35 45
17 20 40 45
17 25 30 35
17 25 30 40
17 25 30 45
17 25 35 40
17 25 35 45
17 25 40 45
17 30 35 40
17 30 35 45
17 30 40 45
17 35 40 45
22 27 32 37
22 27 32 42
22 27 32 5
22 27 32 10
22 27 32 15
22 27 32 20
22 27 32 25
22 27 32 30
22 27 32 35
22 27 32 40
22 27 32 45
22 27 37 42
22 27 37 5
22 27 37 10
22 27 37 15
22 27 37 20
22 27 37 25
22 27 37 30
22 27 37 35
22 27 37 40
22 27 37 45
22 27 42 5
22 27 42 10
22 27 42 15
22 27 42 20
22 27 42 25
22 27 42 30
22 27 42 35
22 27 42 40
22 27 42 45
22 27 5 10
22 27 5 15
22 27 5 20
22 27 5 25
22 27 5 30
22 27 5 35
22 27 5 40
22 27 5 45
22 27 10 15
22 27 10 20
22 27 10 25
22 27 10 30
22 27 10 35
22 27 10 40
22 27 10 45
22 27 15 20
22 27 15 25
22 27 15 30
22 27 15 35
22 27 15 40
22 27 15 45
22 27 20 25
22 27 20 30
22 27 20 35
22 27 20 40
22 27 20 45
22 27 25 30
22 27 25 35
22 27 25 40
22 27 25 45
22 27 30 35
22 27 30 40
22 27 30 45
22 27 35 40
22 27 35 45
22 27 40 45
22 32 37 42
22 32 37 5
22 32 37 10
22 32 37 15
22 32 37 20
22 32 37 25
22 32 37 30
22 32 37 35
22 32 37 40
22 32 37 45
22 32 42 5
22 32 42 10
22 32 42 15
22 32 42 20
22 32 42 25
22 32 42 30
22 32 42 35
22 32 42 40
22 32 42 45
22 32 5 10
22 32 5 15
22 32 5 20
22 32 5 25
22 32 5 30
22 32 5 35
22 32 5 40
22 32 5 45
22 32 10 15
22 32 10 20
22 32 10 25
22 32 10 30
22 32 10 35
22 32 10 40
22 32 10 45
22 32 15 20
22 32 15 25
22 32 15 30
22 32 15 35
22 32 15 40
22 32 15 45
22 32 20 25
22 32 20 30
22 32 20 35
22 32 20 40
22 32 20 45
22 32 25 30
22 32 25 35
22 32 25 40
22 32 25 45
22 32 30 35
22 32 30 40
22 32 30 45
22 32 35 40
22 32 35 45
22 32 40 45
22 37 42 5
22 37 42 10
22 37 42 15
22 37 42 20
22 37 42 25
22 37 42 30
22 37 42 35
22 37 42 40
22 37 42 45
22 37 5 10
22 37 5 15
22 37 5 20
22 37 5 25
22 37 5 30
22 37 5 35
22 37 5 40
22 37 5 45
22 37 10 15
22 37 10 20
22 37 10 25
22 37 10 30
22 37 10 35
22 37 10 40
22 37 10 45
22 37 15 20
22 37 15 25
22 37 15 30
22 37 15 35
22 37 15 40
22 37 15 45
22 37 20 25
22 37 20 30
22 37 20 35
22 37 20 40
22 37 20 45
22 37 25 30
22 37 25 35
22 37 25 40
22 37 25 45
22 37 30 35
22 37 30 40
22 37 30 45
22 37 35 40
22 37 35 45
22 37 40 45
22 42 5 10
22 42 5 15
22 42 5 20
22 42 5 25
22 42 5 30
22 42 5 35
22 42 5 40
22 42 5 45
22 42 10 15
22 42 10 20
22 42 10 25
22 42 10 30
22 42 10 35
22 42 10 40
22 42 10 45
22 42 15 20
22 42 15 25
22 42 15 30
22 42 15 35
22 42 15 40
22 42 15 45
22 42 20 25
22 42 20 30
22 42 20 35
22 42 20 40
22 42 20 45
22 42 25 30
22 42 25 35
22 42 25 40
22 42 25 45
22 42 30 35
22 42 30 40
22 42 30 45
22 42 35 40
22 42 35 45
22 42 40 45
22 5 10 15
22 5 10 20
22 5 10 25
22 5 10 30
22 5 10 35
22 5 10 40
22 5 10 45
22 5 15 20
22 5 15 25
22 5 15 30
22 5 15 35
22 5 15 40
22 5 15 45
22 5 20 25
22 5 20 30
22 5 20 35
22 5 20 40
22 5 20 45
22 5 25 30
22 5 25 35
22 5 25 40
22 5 25 45
22 5 30 35
22 5 30 40
22 5 30 45
22 5 35 40
22 5 35 45
22 5 40 45
22 10 15 20
22 10 15 25
22 10 15 30
22 10 15 35
22 10 15 40
22 10 15 45
22 10 20 25
22 10 20 30
22 10 20 35
22 10 20 40
22 10 20 45
22 10 25 30
22 10 25 35
22 10 25 40
22 10 25 45
22 10 30 35
22 10 30 40
22 10 30 45
22 10 35 40
22 10 35 45
22 10 40 45
22 15 20 25
22 15 20 30
22 15 20 35
22 15 20 40
22 15 20 45
22 15 25 30
22 15 25 35
22 15 25 40
22 15 25 45
22 15 30 35
22 15 30 40
22 15 30 45
22 15 35 40
22 15 35 45
22 15 40 45
22 20 25 30
22 20 25 35
22 20 25 40
22 20 25 45
22 20 30 35
22 20 30 40
22 20 30 45
22 20 35 40
22 20 35 45
22 20 40 45
22 25 30 35
22 25 30 40
22 25 30 45
22 25 35 40
22 25 35 45
22 25 40 45
22 30 35 40
22 30 35 45
22 30 40 45
22 35 40 45
27 32 37 42
27 32 37 5
27 32 37 10
27 32 37 15
27 32 37 20
27 32 37 25
27 32 37 30
27 32 37 35
27 32 37 40
27 32 37 45
27 32 42 5
27 32 42 10
27 32 42 15
27 32 42 20
27 32 42 25
27 32 42 30
27 32 42 35
27 32 42 40
27 32 42 45
27 32 5 10
27 32 5 15
27 32 5 20
27 32 5 25
27 32 5 30
27 32 5 35
27 32 5 40
27 32 5 45
27 32 10 15
27 32 10 20
27 32 10 25
27 32 10 30
27 32 10 35
27 32 10 40
27 32 10 45
27 32 15 20
27 32 15 25
27 32 15 30
27 32 15 35
27 32 15 40
27 32 15 45
27 32 20 25
27 32 20 30
27 32 20 35
27 32 20 40
27 32 20 45
27 32 25 30
27 32 25 35
27 32 25 40
27 32 25 45
27 32 30 35
27 32 30 40
27 32 30 45
27 32 35 40
27 32 35 45
27 32 40 45
27 37 42 5
27 37 42 10
27 37 42 15
27 37 42 20
27 37 42 25
27 37 42 30
27 37 42 35
27 37 42 40
27 37 42 45
27 37 5 10
27 37 5 15
27 37 5 20
27 37 5 25
27 37 5 30
27 37 5 35
27 37 5 40
27 37 5 45
27 37 10 15
27 37 10 20
27 37 10 25
27 37 10 30
27 37 10 35
27 37 10 40
27 37 10 45
27 37 15 20
27 37 15 25
27 37 15 30
27 37 15 35
27 37 15 40
27 37 15 45
27 37 20 25
27 37 20 30
27 37 20 35
27 37 20 40
27 37 20 45
27 37 25 30
27 37 25 35
27 37 25 40
27 37 25 45
27 37 30 35
27 37 30 40
27 37 30 45
27 37 35 40
27 37 35 45
27 37 40 45
27 42 5 10
27 42 5 15
27 42 5 20
27 42 5 25
27 42 5 30
27 42 5 35
27 42 5 40
27 42 5 45
27 42 10 15
27 42 10 20
27 42 10 25
27 42 10 30
27 42 10 35
27 42 10 40
27 42 10 45
27 42 15 20
27 42 15 25
27 42 15 30
27 42 15 35
27 42 15 40
27 42 15 45
27 42 20 25
27 42 20 30
27 42 20 35
27 42 20 40
27 42 20 45
27 42 25 30
27 42 25 35
27 42 25 40
27 42 25 45
27 42 30 35
27 42 30 40
27 42 30 45
27 42 35 40
27 42 35 45
27 42 40 45
27 5 10 15
27 5 10 20
27 5 10 25
27 5 10 30
27 5 10 35
27 5 10 40
27 5 10 45
27 5 15 20
27 5 15 25
27 5 15 30
27 5 15 35
27 5 15 40
27 5 15 45
27 5 20 25
27 5 20 30
27 5 20 35
27 5 20 40
27 5 20 45
27 5 25 30
27 5 25 35
27 5 25 40
27 5 25 45
27 5 30 35
27 5 30 40
27 5 30 45
27 5 35 40
27 5 35 45
27 5 40 45
27 10 15 20
27 10 15 25
27 10 15 30
27 10 15 35
27 10 15 40
27 10 15 45
27 10 20 25
27 10 20 30
27 10 20 35
27 10 20 40
27 10 20 45
27 10 25 30
27 10 25 35
27 10 25 40
27 10 25 45
27 10 30 35
27 10 30 40
27 10 30 45
27 10 35 40
27 10 35 45
27 10 40 45
27 15 20 25
27 15 20 30
27 15 20 35
27 15 20 40
27 15 20 45
27 15 25 30
27 15 25 35
27 15 25 40
27 15 25 45
27 15 30 35
27 15 30 40
27 15 30 45
27 15 35 40
27 15 35 45
27 15 40 45
27 20 25 30
27 20 25 35
27 20 25 40
27 20 25 45
27 20 30 35
27 20 30 40
27 20 30 45
27 20 35 40
27 20 35 45
27 20 40 45
27 25 30 35
27 25 30 40
27 25 30 45
27 25 35 40
27 25 35 45
27 25 40 45
27 30 35 40
27 30 35 45
27 30 40 45
27 35 40 45
32 37 42 5
32 37 42 10
32 37 42 15
32 37 42 20
32 37 42 25
32 37 42 30
32 37 42 35
32 37 42 40
32 37 42 45
32 37 5 10
32 37 5 15
32 37 5 20
32 37 5 25
32 37 5 30
32 37 5 35
32 37 5 40
32 37 5 45
32 37 10 15
32 37 10 20
32 37 10 25
32 37 10 30
32 37 10 35
32 37 10 40
32 37 10 45
32 37 15 20
32 37 15 25
32 37 15 30
32 37 15 35
32 37 15 40
32 37 15 45
32 37 20 25
32 37 20 30
32 37 20 35
32 37 20 40
32 37 20 45
32 37 25 30
32 37 25 35
32 37 25 40
32 37 25 45
32 37 30 35
32 37 30 40
32 37 30 45
32 37 35 40
32 37 35 45
32 37 40 45
32 42 5 10
32 42 5 15
32 42 5 20
32 42 5 25
32 42 5 30
32 42 5 35
32 42 5 40
32 42 5 45
32 42 10 15
32 42 10 20
32 42 10 25
32 42 10 30
32 42 10 35
32 42 10 40
32 42 10 45
32 42 15 20
32 42 15 25
32 42 15 30
32 42 15 35
32 42 15 40
32 42 15 45
32 42 20 25
32 42 20 30
32 42 20 35
32 42 20 40
32 42 20 45
32 42 25 30
32 42 25 35
32 42 25 40
32 42 25 45
32 42 30 35
32 42 30 40
32 42 30 45
32 42 35 40
32 42 35 45
32 42 40 45
32 5 10 15
32 5 10 20
32 5 10 25
32 5 10 30
32 5 10 35
32 5 10 40
32 5 10 45
32 5 15 20
32 5 15 25
32 5 15 30
32 5 15 35
32 5 15 40
32 5 15 45
32 5 20 25
32 5 20 30
32 5 20 35
32 5 20 40
32 5 20 45
32 5 25 30
32 5 25 35
32 5 25 40
32 5 25 45
32 5 30 35
32 5 30 40
32 5 30 45
32 5 35 40
32 5 35 45
32 5 40 45
32 10 15 20
32 10 15 25
32 10 15 30
32 10 15 35
32 10 15 40
32 10 15 45
32 10 20 25
32 10 20 30
32 10 20 35
32 10 20 40
32 10 20 45
32 10 25 30
32 10 25 35
32 10 25 40
32 10 25 45
32 10 30 35
32 10 30 40
32 10 30 45
32 10 35 40
32 10 35 45
32 10 40 45
32 15 20 25
32 15 20 30
32 15 20 35
32 15 20 40
32 15 20 45
32 15 25 30
32 15 25 35
32 15 25 40
32 15 25 45
32 15 30 35
32 15 30 40
32 15 30 45
32 15 35 40
32 15 35 45
32 15 40 45
32 20 25 30
32 20 25 35
32 20 25 40
32 20 25 45
32 20 30 35
32 20 30 40
32 20 30 45
32 20 35 40
32 20 35 45
32 20 40 45
32 25 30 35
32 25 30 40
32 25 30 45
32 25 35 40
32 25 35 45
32 25 40 45
32 30 35 40
32 30 35 45
32 30 40 45
32 35 40 45
37 42 5 10
37 42 5 15
37 42 5 20
37 42 5 25
37 42 5 30
37 42 5 35
37 42 5 40
37 42 5 45
37 42 10 15
37 42 10 20
37 42 10 25
37 42 10 30
37 42 10 35
37 42 10 40
37 42 10 45
37 42 15 20
37 42 15 25
37 42 15 30
37 42 15 35
37 42 15 40
37 42 15 45
37 42 20 25
37 42 20 30
37 42 20 35
37 42 20 40
37 42 20 45
37 42 25 30
37 42 25 35
37 42 25 40
37 42 25 45
37 42 30 35
37 42 30 40
37 42 30 45
37 42 35 40
37 42 35 45
37 42 40 45
37 5 10 15
37 5 10 20
37 5 10 25
37 5 10 30
37 5 10 35
37 5 10 40
37 5 10 45
37 5 15 20
37 5 15 25
37 5 15 30
37 5 15 35
37 5 15 40
37 5 15 45
37 5 20 25
37 5 20 30
37 5 20 35
37 5 20 40
37 5 20 45
37 5 25 30
37 5 25 35
37 5 25 40
37 5 25 45
37 5 30 35
37 5 30 40
37 5 30 45
37 5 35 40
37 5 35 45
37 5 40 45
37 10 15 20
37 10 15 25
37 10 15 30
37 10 15 35
37 10 15 40
37 10 15 45
37 10 20 25
37 10 20 30
37 10 20 35
37 10 20 40
37 10 20 45
37 10 25 30
37 10 25 35
37 10 25 40
37 10 25 45
37 10 30 35
37 10 30 40
37 10 30 45
37 10 35 40
37 10 35 45
37 10 40 45
37 15 20 25
37 15 20 30
37 15 20 35
37 15 20 40
37 15 20 45
37 15 25 30
37 15 25 35
37 15 25 40
37 15 25 45
37 15 30 35
37 15 30 40
37 15 30 45
37 15 35 40
37 15 35 45
37 15 40 45
37 20 25 30
37 20 25 35
37 20 25 40
37 20 25 45
37 20 30 35
37 20 30 40
37 20 30 45
37 20 35 40
37 20 35 45
37 20 40 45
37 25 30 35
37 25 30 40
37 25 30 45
37 25 35 40
37 25 35 45
37 25 40 45
37 30 35 40
37 30 35 45
37 30 40 45
37 35 40 45
42 5 10 15
42 5 10 20
42 5 10 25
42 5 10 30
42 5 10 35
42 5 10 40
42 5 10 45
42 5 15 20
42 5 15 25
42 5 15 30
42 5 15 35
42 5 15 40
42 5 15 45
42 5 20 25
42 5 20 30
42 5 20 35
42 5 20 40
42 5 20 45
42 5 25 30
42 5 25 35
42 5 25 40
42 5 25 45
42 5 30 35
42 5 30 40
42 5 30 45
42 5 35 40
42 5 35 45
42 5 40 45
42 10 15 20
42 10 15 25
42 10 15 30
42 10 15 35
42 10 15 40
42 10 15 45
42 10 20 25
42 10 20 30
42 10 20 35
42 10 20 40
42 10 20 45
42 10 25 30
42 10 25 35
42 10 25 40
42 10 25 45
42 10 30 35
42 10 30 40
42 10 30 45
42 10 35 40
42 10 35 45
42 10 40 45
42 15 20 25
42 15 20 30
42 15 20 35
42 15 20 40
42 15 20 45
42 15 25 30
42 15 25 35
42 15 25 40
42 15 25 45
42 15 30 35
42 15 30 40
42 15 30 45
42 15 35 40
42 15 35 45
42 15 40 45
42 20 25 30
42 20 25 35
42 20 25 40
42 20 25 45
42 20 30 35
42 20 30 40
42 20 30 45
42 20 35 40
42 20 35 45
42 20 40 45
42 25 30 35
42 25 30 40
42 25 30 45
42 25 35 40
42 25 35 45
42 25 40 45
42 30 35 40
42 30 35 45
42 30 40 45
42 35 40 45
5 10 15 20
5 10 15 25
5 10 15 30
5 10 15 35
5 10 15 40
5 10 15 45
5 10 20 25
5 10 20 30
5 10 20 35
5 10 20 40
5 10 20 45
5 10 25 30
5 10 25 35
5 10 25 40
5 10 25 45
5 10 30 35
5 10 30 40
5 10 30 45
5 10 35 40
5 10 35 45
5 10 40 45
5 15 20 25
5 15 20 30
5 15 20 35
5 15 20 40
5 15 20 45
5 15 25 30
5 15 25 35
5 15 25 40
5 15 25 45
5 15 30 35
5 15 30 40
5 15 30 45
5 15 35 40
5 15 35 45
5 15 40 45
5 20 25 30
5 20 25 35
5 20 25 40
5 20 25 45
5 20 30 35
5 20 30 40
5 20 30 45
5 20 35 40
5 20 35 45
5 20 40 45
5 25 30 35
5 25 30 40
5 25 30 45
5 25 35 40
5 25 35 45
5 25 40 45
5 30 35 40
5 30 35 45
5 30 40 45
5 35 40 45
10 15 20 25
10 15 20 30
10 15 20 35
10 15 20 40
10 15 20 45
10 15 25 30
10 15 25 35
10 15 25 40
10 15 25 45
10 15 30 35
10 15 30 40
10 15 30 45
10 15 35 40
10 15 35 45
10 15 40 45
10 20 25 30
10 20 25 35
10 20 25 40
10 20 25 45
10 20 30 35
10 20 30 40
10 20 30 45
10 20 35 40
10 20 35 45
10 20 40 45
10 25 30 35
10 25 30 40
10 25 30 45
10 25 35 40
10 25 35 45
10 25 40 45
10 30 35 40
10 30 35 45
10 30 40 45
10 35 40 45
15 20 25 30
15 20 25 35
15 20 25 40
15 20 25 45
15 20 30 35
15 20 30 40
15 20 30 45
15 20 35 40
15 20 35 45
15 20 40 45
15 25 30 35
15 25 30 40
15 25 30 45
15 25 35 40
15 25 35 45
15 25 40 45
15 30 35 40
15 30 35 45
15 30 40 45
15 35 40 45
20 25 30 35
20 25 30 40
20 25 30 45
20 25 35 40
20 25 35 45
20 25 40 45
20 30 35 40
20 30 35 45
20 30 40 45
20 35 40 45
25 30 35 40
25 30 35 45
25 30 40 45
25 35 40 45
30 35 40 45
