3 8 13 18
3 8 13 23
3 8 13 28
3 8 13 33
3 8 13 38
3 8 13 43
3 8 13 4
3 8 13 9
3 8 13 14
3 8 13 19
3 8 13 24
3 8 13 29
3 8 13 34
3 8 13 39
3 8 13 44
3 8 18 23
3 8 18 28
3 8 18 33
3 8 18 38
3 8 18 43
3 8 18 4
3 8 18 9
3 8 18 14
3 8 18 19
3 8 18 24
3 8 18 29
3 8 18 34
3 8 18 39
3 8 18 44
3 8 23 28
3 8 23 33
3 8 23 38
3 8 23 43
3 8 23 4
3 8 23 9
3 8 23 14
3 8 23 19
3 8 23 24
3 8 23 29
3 8 23 34
3 8 23 39
3 8 23 44
3 8 28 33
3 8 28 38
3 8 28 43
3 8 28 4
3 8 28 9
3 8 28 14
3 8 28 19
3 8 28 24
3 8 28 29
3 8 28 34
3 8 28 39
3 8 28 44
3 8 33 38
3 8 33 43
3 8 33 4
3 8 33 9
3 8 33 14
3 8 33 19
3 8 33 24
3 8 33 29
3 8 33 34
3 8 33 39
3 8 33 44
3 8 38 43
3 8 38 4
3 8 38 9
3 8 38 14
3 8 38 19
3 8 38 24
3 8 38 29
3 8 38 34
3 8 38 39
3 8 38 44
3 8 43 4
3 8 43 9
3 8 43 14
3 8 43 19
3 8 43 24
3 8 43 29
3 8 43 34
3 8 43 39
3 8 43 44
3 8 4 9
3 8 4 14
3 8 4 19
3 8 4 24
3 8 4 29
3 8 4 34
3 8 4 39
3 8 4 44
3 8 9 14
3 8 9 19
3 8 9 24
3 8 9 29
3 8 9 34
3 8 9 39
3 8 9 44
3 8 14 19
3 8 14 24
3 8 14 29
3 8 14 34
3 8 14 39
3 8 14 44
3 8 19 24
3 8 19 29
3 8 19 34
3 8 19 39
3 8 19 44
3 8 24 29
3 8 24 34
3 8 24 39
3 8 24 44
3 8 29 34
3 8 29 39
3 8 29 44
3 8 34 39
3 8 34 44
3 8 39 44
3 13 18 23
3 13 18 28
3 13 18 33
3 13 18 38
3 13 18 43
3 13 18 4
3 13 18 9
3 13 18 14
3 13 18 19
3 13 18 24
3 13 18 29
3 13 18 34
3 13 18 39
3 13 18 44
3 13 23 28
3 13 23 33
3 13 23 38
3 13 23 43
3 13 23 4
3 13 23 9
3 13 23 14
3 13 23 19
3 13 23 24
3 13 23 29
3 13 23 34
3 13 23 39
3 13 23 44
3 13 28 33
3 13 28 38
3 13 28 43
3 13 28 4
3 13 28 9
3 13 28 14
3 13 28 19
3 13 28 24
3 13 28 29
3 13 28 34
3 13 28 39
3 13 28 44
3 13 33 38
3 13 33 43
3 13 33 4
3 13 33 9
3 13 33 14
3 13 33 19
3 13 33 24
3 13 33 29
3 13 33 34
3 13 33 39
3 13 33 44
3 13 38 43
3 13 38 4
3 13 38 9
3 13 38 14
3 13 38 19
3 13 38 24
3 13 38 29
3 13 38 34
3 13 38 39
3 13 38 44
3 13 43 4
3 13 43 9
3 13 43 14
3 13 43 19
3 13 43 24
3 13 43 29
3 13 43 34
3 13 43 39
3 13 43 44
3 13 4 9
3 13 4 14
3 13 4 19
3 13 4 24
3 13 4 29
3 13 4 34
3 13 4 39
3 13 4 44
3 13 9 14
3 13 9 19
3 13 9 24
3 13 9 29
3 13 9 34
3 13 9 39
3 13 9 44
3 13 14 19
3 13 14 24
3 13 14 29
3 13 14 34
3 13 14 39
3 13 14 44
3 13 19 24
3 13 19 29
3 13 19 34
3 13 19 39
3 13 19 44
3 13 24 29
3 13 24 34
3 13 24 39
3 13 24 44
3 13 29 34
3 13 29 39
3 13 29 44
3 13 34 39
3 13 34 44
3 13 39 44
3 18 23 28
3 18 23 33
3 18 23 38
3 18 23 43
3 18 23 4
3 18 23 9
3 18 23 14
3 18 23 19
3 18 23 24
3 18 23 29
3 18 23 34
3 18 23 39
3 18 23 44
3 18 28 33
3 18 28 38
3 18 28 43
3 18 28 4
3 18 28 9
3 18 28 14
3 18 28 19
3 18 28 24
3 18 28 29
3 18 28 34
3 18 28 39
3 18 28 44
3 18 33 38
3 18 33 43
3 18 33 4
3 18 33 9
3 18 33 14
3 18 33 19
3 18 33 24
3 18 33 29
3 18 33 34
3 18 33 39
3 18 33 44
3 18 38 43
3 18 38 4
3 18 38 9
3 18 38 14
3 18 38 19
3 18 38 24
3 18 38 29
3 18 38 34
3 18 38 39
3 18 38 44
3 18 43 4
3 18 43 9
3 18 43 14
3 18 43 19
3 18 43 24
3 18 43 29
3 18 43 34
3 18 43 39
3 18 43 44
3 18 4 9
3 18 4 14
3 18 4 19
3 18 4 24
3 18 4 29
3 18 4 34
3 18 4 39
3 18 4 44
3 18 9 14
3 18 9 19
3 18 9 24
3 18 9 29
3 18 9 34
3 18 9 39
3 18 9 44
3 18 14 19
3 18 14 24
3 18 14 29
3 18 14 34
3 18 14 39
3 18 14 44
3 18 19 24
3 18 19 29
3 18 19 34
3 18 19 39
3 18 19 44
3 18 24 29
3 18 24 34
3 18 24 39
3 18 24 44
3 18 29 34
3 18 29 39
3 18 29 44
3 18 34 39
3 18 34 44
3 18 39 44
3 23 28 33
3 23 28 38
3 23 28 43
3 23 28 4
3 23 28 9
3 23 28 14
3 23 28 19
3 23 28 24
3 23 28 29
3 23 28 34
3 23 28 39
3 23 28 44
3 23 33 38
3 23 33 43
3 23 33 4
3 23 33 9
3 23 33 14
3 23 33 19
3 23 33 24
3 23 33 29
3 23 33 34
3 23 33 39
3 23 33 44
3 23 38 43
3 23 38 4
3 23 38 9
3 23 38 14
3 23 38 19
3 23 38 24
3 23 38 29
3 23 38 34
3 23 38 39
3 23 38 44
3 23 43 4
3 23 43 9
3 23 43 14
3 23 43 19
3 23 43 24
3 23 43 29
3 23 43 34
3 23 43 39
3 23 43 44
3 23 4 9
3 23 4 14
3 23 4 19
3 23 4 24
3 23 4 29
3 23 4 34
3 23 4 39
3 23 4 44
3 23 9 14
3 23 9 19
3 23 9 24
3 23 9 29
3 23 9 34
3 23 9 39
3 23 9 44
3 23 14 19
3 23 14 24
3 23 14 29
3 23 14 34
3 23 14 39
3 23 14 44
3 23 19 24
3 23 19 29
3 23 19 34
3 23 19 39
3 23 19 44
3 23 24 29
3 23 24 34
3 23 24 39
3 23 24 44
3 23 29 34
3 23 29 39
3 23 29 44
3 23 34 39
3 23 34 44
3 23 39 44
3 28 33 38
3 28 33 43
3 28 33 4
3 28 33 9
3 28 33 14
3 28 33 19
3 28 33 24
3 28 33 29
3 28 33 34
3 28 33 39
3 28 33 44
3 28 38 43
3 28 38 4
3 28 38 9
3 28 38 14
3 28 38 19
3 28 38 24
3 28 38 29
3 28 38 34
3 28 38 39
3 28 38 44
3 28 43 4
3 28 43 9
3 28 43 14
3 28 43 19
3 28 43 24
3 28 43 29
3 28 43 34
3 28 43 39
3 28 43 44
3 28 4 9
3 28 4 14
3 28 4 19
3 28 4 24
3 28 4 29
3 28 4 34
3 28 4 39
3 28 4 44
3 28 9 14
3 28 9 19
3 28 9 24
3 28 9 29
3 28 9 34
3 28 9 39
3 28 9 44
3 28 14 19
3 28 14 24
3 28 14 29
3 28 14 34
3 28 14 39
3 28 14 44
3 28 19 24
3 28 19 29
3 28 19 34
3 28 19 39
3 28 19 44
3 28 24 29
3 28 24 34
3 28 24 39
3 28 24 44
3 28 29 34
3 28 29 39
3 28 29 44
3 28 34 39
3 28 34 44
3 28 39 44
3 33 38 43
3 33 38 4
3 33 38 9
3 33 38 14
3 33 38 19
3 33 38 24
3 33 38 29
3 33 38 34
3 33 38 39
3 33 38 44
3 33 43 4
3 33 43 9
3 33 43 14
3 33 43 19
3 33 43 24
3 33 43 29
3 33 43 34
3 33 43 39
3 33 43 44
3 33 4 9
3 33 4 14
3 33 4 19
3 33 4 24
3 33 4 29
3 33 4 34
3 33 4 39
3 33 4 44
3 33 9 14
3 33 9 19
3 33 9 24
3 33 9 29
3 33 9 34
3 33 9 39
3 33 9 44
3 33 14 19
3 33 14 24
3 33 14 29
3 33 14 34
3 33 14 39
3 33 14 44
3 33 19 24
3 33 19 29
3 33 19 34
3 33 19 39
3 33 19 44
3 33 24 29
3 33 24 34
3 33 24 39
3 33 24 44
3 33 29 34
3 33 29 39
3 33 29 44
3 33 34 39
3 33 34 44
3 33 39 44
3 38 43 4
3 38 43 9
3 38 43 14
3 38 43 19
3 38 43 24
3 38 43 29
3 38 43 34
3 38 43 39
3 38 43 44
3 38 4 9
3 38 4 14
3 38 4 19
3 38 4 24
3 38 4 29
3 38 4 34
3 38 4 39
3 38 4 44
3 38 9 14
3 38 9 19
3 38 9 24
3 38 9 29
3 38 9 34
3 38 9 39
3 38 9 44
3 38 14 19
3 38 14 24
3 38 14 29
3 38 14 34
3 38 14 39
3 38 14 44
3 38 19 24
3 38 19 29
3 38 19 34
3 38 19 39
3 38 19 44
3 38 24 29
3 38 24 34
3 38 24 39
3 38 24 44
3 38 29 34
3 38 29 39
3 38 29 44
3 38 34 39
3 38 34 44
3 38 39 44
3 43 4 9
3 43 4 14
3 43 4 19
3 43 4 24
3 43 4 29
3 43 4 34
3 43 4 39
3 43 4 44
3 43 9 14
3 43 9 19
3 43 9 24
3 43 9 29
3 43 9 34
3 43 9 39
3 43 9 44
3 43 14 19
3 43 14 24
3 43 14 29
3 43 14 34
3 43 14 39
3 43 14 44
3 43 19 24
3 43 19 29
3 43 19 34
3 43 19 39
3 43 19 44
3 43 24 29
3 43 24 34
3 43 24 39
3 43 24 44
3 43 29 34
3 43 29 39
3 43 29 44
3 43 34 39
3 43 34 44
3 43 39 44
3 4 9 14
3 4 9 19
3 4 9 24
3 4 9 29
3 4 9 34
3 4 9 39
3 4 9 44
3 4 14 19
3 4 14 24
3 4 14 29
3 4 14 34
3 4 14 39
3 4 14 44
3 4 19 24
3 4 19 29
3 4 19 34
3 4 19 39
3 4 19 44
3 4 24 29
3 4 24 34
3 4 24 39
3 4 24 44
3 4 29 34
3 4 29 39
3 4 29 44
3 4 34 39
3 4 34 44
3 4 39 44
3 9 14 19
3 9 14 24
3 9 14 29
3 9 14 34
3 9 14 39
3 9 14 44
3 9 19 24
3 9 19 29
3 9 19 34
3 9 19 39
3 9 19 44
3 9 24 29
3 9 24 34
3 9 24 39
3 9 24 44
3 9 29 34
3 9 29 39
3 9 29 44
3 9 34 39
3 9 34 44
3 9 39 44
3 14 19 24
3 14 19 29
3 14 19 34
3 14 19 39
3 14 19 44
3 14 24 29
3 14 24 34
3 14 24 39
3 14 24 44
3 14 29 34
3 14 29 39
3 14 29 44
3 14 34 39
3 14 34 44
3 14 39 44
3 19 24 29
3 19 24 34
3 19 24 39
3 19 24 44
3 19 29 34
3 19 29 39
3 19 29 44
3 19 34 39
3 19 34 44
3 19 39 44
3 24 29 34
3 24 29 39
3 24 29 44
3 24 34 39
3 24 34 44
3 24 39 44
3 29 34 39
3 29 34 44
3 29 39 44
3 34 39 44
8 13 18 23
8 13 18 28
8 13 18 33
8 13 18 38
8 13 18 43
8 13 18 4
8 13 18 9
8 13 18 14
8 13 18 19
8 13 18 24
8 13 18 29
8 13 18 34
8 13 18 39
8 13 18 44
8 13 23 28
8 13 23 33
8 13 23 38
8 13 23 43
8 13 23 4
8 13 23 9
8 13 23 14
8 13 23 19
8 13 23 24
8 13 23 29
8 13 23 34
8 13 23 39
8 13 23 44
8 13 28 33
8 13 28 38
8 13 28 43
8 13 28 4
8 13 28 9
8 13 28 14
8 13 28 19
8 13 28 24
8 13 28 29
8 13 28 34
8 13 28 39
8 13 28 44
8 13 33 38
8 13 33 43
8 13 33 4
8 13 33 9
8 13 33 14
8 13 33 19
8 13 33 24
8 13 33 29
8 13 33 34
8 13 33 39
8 13 33 44
8 13 38 43
8 13 38 4
8 13 38 9
8 13 38 14
8 13 38 19
8 13 38 24
8 13 38 29
8 13 38 34
8 13 38 39
8 13 38 44
8 13 43 4
8 13 43 9
8 13 43 14
8 13 43 19
8 13 43 24
8 13 43 29
8 13 43 34
8 13 43 39
8 13 43 44
8 13 4 9
8 13 4 14
8 13 4 19
8 13 4 24
8 13 4 29
8 13 4 34
8 13 4 39
8 13 4 44
8 13 9 14
8 13 9 19
8 13 9 24
8 13 9 29
8 13 9 34
8 13 9 39
8 13 9 44
8 13 14 19
8 13 14 24
8 13 14 29
8 13 14 34
8 13 14 39
8 13 14 44
8 13 19 24
8 13 19 29
8 13 19 34
8 13 19 39
8 13 19 44
8 13 24 29
8 13 24 34
8 13 24 39
8 13 24 44
8 13 29 34
8 13 29 39
8 13 29 44
8 13 34 39
8 13 34 44
8 13 39 44
8 18 23 28
8 18 23 33
8 18 23 38
8 18 23 43
8 18 23 4
8 18 23 9
8 18 23 14
8 18 23 19
8 18 23 24
8 18 23 29
8 18 23 34
8 18 23 39
8 18 23 44
8 18 28 33
8 18 28 38
8 18 28 43
8 18 28 4
8 18 28 9
8 18 28 14
8 18 28 19
8 18 28 24
8 18 28 29
8 18 28 34
8 18 28 39
8 18 28 44
8 18 33 38
8 18 33 43
8 18 33 4
8 18 33 9
8 18 33 14
8 18 33 19
8 18 33 24
8 18 33 29
8 18 33 34
8 18 33 39
8 18 33 44
8 18 38 43
8 18 38 4
8 18 38 9
8 18 38 14
8 18 38 19
8 18 38 24
8 18 38 29
8 18 38 34
8 18 38 39
8 18 38 44
8 18 43 4
8 18 43 9
8 18 43 14
8 18 43 19
8 18 43 24
8 18 43 29
8 18 43 34
8 18 43 39
8 18 43 44
8 18 4 9
8 18 4 14
8 18 4 19
8 18 4 24
8 18 4 29
8 18 4 34
8 18 4 39
8 18 4 44
8 18 9 14
8 18 9 19
8 18 9 24
8 18 9 29
8 18 9 34
8 18 9 39
8 18 9 44
8 18 14 19
8 18 14 24
8 18 14 29
8 18 14 34
8 18 14 39
8 18 14 44
8 18 19 24
8 18 19 29
8 18 19 34
8 18 19 39
8 18 19 44
8 18 24 29
8 18 24 34
8 18 24 39
8 18 24 44
8 18 29 34
8 18 29 39
8 18 29 44
8 18 34 39
8 18 34 44
8 18 39 44
8 23 28 33
8 23 28 38
8 23 28 43
8 23 28 4
8 23 28 9
8 23 28 14
8 23 28 19
8 23 28 24
8 23 28 29
8 23 28 34
8 23 28 39
8 23 28 44
8 23 33 38
8 23 33 43
8 23 33 4
8 23 33 9
8 23 33 14
8 23 33 19
8 23 33 24
8 23 33 29
8 23 33 34
8 23 33 39
8 23 33 44
8 23 38 43
8 23 38 4
8 23 38 9
8 23 38 14
8 23 38 19
8 23 38 24
8 23 38 29
8 23 38 34
8 23 38 39
8 23 38 44
8 23 43 4
8 23 43 9
8 23 43 14
8 23 43 19
8 23 43 24
8 23 43 29
8 23 43 34
8 23 43 39
8 23 43 44
8 23 4 9
8 23 4 14
8 23 4 19
8 23 4 24
8 23 4 29
8 23 4 34
8 23 4 39
8 23 4 44
8 23 9 14
8 23 9 19
8 23 9 24
8 23 9 29
8 23 9 34
8 23 9 39
8 23 9 44
8 23 14 19
8 23 14 24
8 23 14 29
8 23 14 34
8 23 14 39
8 23 14 44
8 23 19 24
8 23 19 29
8 23 19 34
8 23 19 39
8 23 19 44
8 23 24 29
8 23 24 34
8 23 24 39
8 23 24 44
8 23 29 34
8 23 29 39
8 23 29 44
8 23 34 39
8 23 34 44
8 23 39 44
8 28 33 38
8 28 33 43
8 28 33 4
8 28 33 9
8 28 33 14
8 28 33 19
8 28 33 24
8 28 33 29
8 28 33 34
8 28 33 39
8 28 33 44
8 28 38 43
8 28 38 4
8 28 38 9
8 28 38 14
8 28 38 19
8 28 38 24
8 28 38 29
8 28 38 34
8 28 38 39
8 28 38 44
8 28 43 4
8 28 43 9
8 28 43 14
8 28 43 19
8 28 43 24
8 28 43 29
8 28 43 34
8 28 43 39
8 28 43 44
8 28 4 9
8 28 4 14
8 28 4 19
8 28 4 24
8 28 4 29
8 28 4 34
8 28 4 39
8 28 4 44
8 28 9 14
8 28 9 19
8 28 9 24
8 28 9 29
8 28 9 34
8 28 9 39
8 28 9 44
8 28 14 19
8 28 14 24
8 28 14 29
8 28 14 34
8 28 14 39
8 28 14 44
8 28 19 24
8 28 19 29
8 28 19 34
8 28 19 39
8 28 19 44
8 28 24 29
8 28 24 34
8 28 24 39
8 28 24 44
8 28 29 34
8 28 29 39
8 28 29 44
8 28 34 39
8 28 34 44
8 28 39 44
8 33 38 43
8 33 38 4
8 33 38 9
8 33 38 14
8 33 38 19
8 33 38 24
8 33 38 29
8 33 38 34
8 33 38 39
8 33 38 44
8 33 43 4
8 33 43 9
8 33 43 14
8 33 43 19
8 33 43 24
8 33 43 29
8 33 43 34
8 33 43 39
8 33 43 44
8 33 4 9
8 33 4 14
8 33 4 19
8 33 4 24
8 33 4 29
8 33 4 34
8 33 4 39
8 33 4 44
8 33 9 14
8 33 9 19
8 33 9 24
8 33 9 29
8 33 9 34
8 33 9 39
8 33 9 44
8 33 14 19
8 33 14 24
8 33 14 29
8 33 14 34
8 33 14 39
8 33 14 44
8 33 19 24
8 33 19 29
8 33 19 34
8 33 19 39
8 33 19 44
8 33 24 29
8 33 24 34
8 33 24 39
8 33 24 44
8 33 29 34
8 33 29 39
8 33 29 44
8 33 34 39
8 33 34 44
8 33 39 44
8 38 43 4
8 38 43 9
8 38 43 14
8 38 43 19
8 38 43 24
8 38 43 29
8 38 43 34
8 38 43 39
8 38 43 44
8 38 4 9
8 38 4 14
8 38 4 19
8 38 4 24
8 38 4 29
8 38 4 34
8 38 4 39
8 38 4 44
8 38 9 14
8 38 9 19
8 38 9 24
8 38 9 29
8 38 9 34
8 38 9 39
8 38 9 44
8 38 14 19
8 38 14 24
8 38 14 29
8 38 14 34
8 38 14 39
8 38 14 44
8 38 19 24
8 38 19 29
8 38 19 34
8 38 19 39
8 38 19 44
8 38 24 29
8 38 24 34
8 38 24 39
8 38 24 44
8 38 29 34
8 38 29 39
8 38 29 44
8 38 34 39
8 38 34 44
8 38 39 44
8 43 4 9
8 43 4 14
8 43 4 19
8 43 4 24
8 43 4 29
8 43 4 34
8 43 4 39
8 43 4 44
8 43 9 14
8 43 9 19
8 43 9 24
8 43 9 29
8 43 9 34
8 43 9 39
8 43 9 44
8 43 14 19
8 43 14 24
8 43 14 29
8 43 14 34
8 43 14 39
8 43 14 44
8 43 19 24
8 43 19 29
8 43 19 34
8 43 19 39
8 43 19 44
8 43 24 29
8 43 24 34
8 43 24 39
8 43 24 44
8 43 29 34
8 43 29 39
8 43 29 44
8 43 34 39
8 43 34 44
8 43 39 44
8 4 9 14
8 4 9 19
8 4 9 24
8 4 9 29
8 4 9 34
8 4 9 39
8 4 9 44
8 4 14 19
8 4 14 24
8 4 14 29
8 4 14 34
8 4 14 39
8 4 14 44
8 4 19 24
8 4 19 29
8 4 19 34
8 4 19 39
8 4 19 44
8 4 24 29
8 4 24 34
8 4 24 39
8 4 24 44
8 4 29 34
8 4 29 39
8 4 29 44
8 4 34 39
8 4 34 44
8 4 39 44
8 9 14 19
8 9 14 24
8 9 14 29
8 9 14 34
8 9 14 39
8 9 14 44
8 9 19 24
8 9 19 29
8 9 19 34
8 9 19 39
8 9 19 44
8 9 24 29
8 9 24 34
8 9 24 39
8 9 24 44
8 9 29 34
8 9 29 39
8 9 29 44
8 9 34 39
8 9 34 44
8 9 39 44
8 14 19 24
8 14 19 29
8 14 19 34
8 14 19 39
8 14 19 44
8 14 24 29
8 14 24 34
8 14 24 39
8 14 24 44
8 14 29 34
8 14 29 39
8 14 29 44
8 14 34 39
8 14 34 44
8 14 39 44
8 19 24 29
8 19 24 34
8 19 24 39
8 19 24 44
8 19 29 34
8 19 29 39
8 19 29 44
8 19 34 39
8 19 34 44
8 19 39 44
8 24 29 34
8 24 29 39
8 24 29 44
8 24 34 39
8 24 34 44
8 24 39 44
8 29 34 39
8 29 34 44
8 29 39 44
8 34 39 44
13 18 23 28
13 18 23 33
13 18 23 38
13 18 23 43
13 18 23 4
13 18 23 9
13 18 23 14
13 18 23 19
13 18 23 24
13 18 23 29
13 18 23 34
13 18 23 39
13 18 23 44
13 18 28 33
13 18 28 38
13 18 28 43
13 18 28 4
13 18 28 9
13 18 28 14
13 18 28 19
13 18 28 24
13 18 28 29
13 18 28 34
13 18 28 39
13 18 28 44
13 18 33 38
13 18 33 43
13 18 33 4
13 18 33 9
13 18 33 14
13 18 33 19
13 18 33 24
13 18 33 29
13 18 33 34
13 18 33 39
13 18 33 44
13 18 38 43
13 18 38 4
13 18 38 9
13 18 38 14
13 18 38 19
13 18 38 24
13 18 38 29
13 18 38 34
13 18 38 39
13 18 38 44
13 18 43 4
13 18 43 9
13 18 43 14
13 18 43 19
13 18 43 24
13 18 43 29
13 18 43 34
13 18 43 39
13 18 43 44
13 18 4 9
13 18 4 14
13 18 4 19
13 18 4 24
13 18 4 29
13 18 4 34
13 18 4 39
13 18 4 44
13 18 9 14
13 18 9 19
13 18 9 24
13 18 9 29
13 18 9 34
13 18 9 39
13 18 9 44
13 18 14 19
13 18 14 24
13 18 14 29
13 18 14 34
13 18 14 39
13 18 14 44
13 18 19 24
13 18 19 29
13 18 19 34
13 18 19 39
13 18 19 44
13 18 24 29
13 18 24 34
13 18 24 39
13 18 24 44
13 18 29 34
13 18 29 39
13 18 29 44
13 18 34 39
13 18 34 44
13 18 39 44
13 23 28 33
13 23 28 38
13 23 28 43
13 23 28 4
13 23 28 9
13 23 28 14
13 23 28 19
13 23 28 24
13 23 28 29
13 23 28 34
13 23 28 39
13 23 28 44
13 23 33 38
13 23 33 43
13 23 33 4
13 23 33 9
13 23 33 14
13 23 33 19
13 23 33 24
13 23 33 29
13 23 33 34
13 23 33 39
13 23 33 44
13 23 38 43
13 23 38 4
13 23 38 9
13 23 38 14
13 23 38 19
13 23 38 24
13 23 38 29
13 23 38 34
13 23 38 39
13 23 38 44
13 23 43 4
13 23 43 9
13 23 43 14
13 23 43 19
13 23 43 24
13 23 43 29
13 23 43 34
13 23 43 39
13 23 43 44
13 23 4 9
13 23 4 14
13 23 4 19
13 23 4 24
13 23 4 29
13 23 4 34
13 23 4 39
13 23 4 44
13 23 9 14
13 23 9 19
13 23 9 24
13 23 9 29
13 23 9 34
13 23 9 39
13 23 9 44
13 23 14 19
13 23 14 24
13 23 14 29
13 23 14 34
13 23 14 39
13 23 14 44
13 23 19 24
13 23 19 29
13 23 19 34
13 23 19 39
13 23 19 44
13 23 24 29
13 23 24 34
13 23 24 39
13 23 24 44
13 23 29 34
13 23 29 39
13 23 29 44
13 23 34 39
13 23 34 44
13 23 39 44
13 28 33 38
13 28 33 43
13 28 33 4
13 28 33 9
13 28 33 14
13 28 33 19
13 28 33 24
13 28 33 29
13 28 33 34
13 28 33 39
13 28 33 44
13 28 38 43
13 28 38 4
13 28 38 9
13 28 38 14
13 28 38 19
13 28 38 24
13 28 38 29
13 28 38 34
13 28 38 39
13 28 38 44
13 28 43 4
13 28 43 9
13 28 43 14
13 28 43 19
13 28 43 24
13 28 43 29
13 28 43 34
13 28 43 39
13 28 43 44
13 28 4 9
13 28 4 14
13 28 4 19
13 28 4 24
13 28 4 29
13 28 4 34
13 28 4 39
13 28 4 44
13 28 9 14
13 28 9 19
13 28 9 24
13 28 9 29
13 28 9 34
13 28 9 39
13 28 9 44
13 28 14 19
13 28 14 24
13 28 14 29
13 28 14 34
13 28 14 39
13 28 14 44
13 28 19 24
13 28 19 29
13 28 19 34
13 28 19 39
13 28 19 44
13 28 24 29
13 28 24 34
13 28 24 39
13 28 24 44
13 28 29 34
13 28 29 39
13 28 29 44
13 28 34 39
13 28 34 44
13 28 39 44
13 33 38 43
13 33 38 4
13 33 38 9
13 33 38 14
13 33 38 19
13 33 38 24
13 33 38 29
13 33 38 34
13 33 38 39
13 33 38 44
13 33 43 4
13 33 43 9
13 33 43 14
13 33 43 19
13 33 43 24
13 33 43 29
13 33 43 34
13 33 43 39
13 33 43 44
13 33 4 9
13 33 4 14
13 33 4 19
13 33 4 24
13 33 4 29
13 33 4 34
13 33 4 39
13 33 4 44
13 33 9 14
13 33 9 19
13 33 9 24
13 33 9 29
13 33 9 34
13 33 9 39
13 33 9 44
13 33 14 19
13 33 14 24
13 33 14 29
13 33 14 34
13 33 14 39
13 33 14 44
13 33 19 24
13 33 19 29
13 33 19 34
13 33 19 39
13 33 19 44
13 33 24 29
13 33 24 34
13 33 24 39
13 33 24 44
13 33 29 34
13 33 29 39
13 33 29 44
13 33 34 39
13 33 34 44
13 33 39 44
13 38 43 4
13 38 43 9
13 38 43 14
13 38 43 19
13 38 43 24
13 38 43 29
13 38 43 34
13 38 43 39
13 38 43 44
13 38 4 9
13 38 4 14
13 38 4 19
13 38 4 24
13 38 4 29
13 38 4 34
13 38 4 39
13 38 4 44
13 38 9 14
13 38 9 19
13 38 9 24
13 38 9 29
13 38 9 34
13 38 9 39
13 38 9 44
13 38 14 19
13 38 14 24
13 38 14 29
13 38 14 34
13 38 14 39
13 38 14 44
13 38 19 24
13 38 19 29
13 38 19 34
13 38 19 39
13 38 19 44
13 38 24 29
13 38 24 34
13 38 24 39
13 38 24 44
13 38 29 34
13 38 29 39
13 38 29 44
13 38 34 39
13 38 34 44
13 38 39 44
13 43 4 9
13 43 4 14
13 43 4 19
13 43 4 24
13 43 4 29
13 43 4 34
13 43 4 39
13 43 4 44
13 43 9 14
13 43 9 19
13 43 9 24
13 43 9 29
13 43 9 34
13 43 9 39
13 43 9 44
13 43 14 19
13 43 14 24
13 43 14 29
13 43 14 34
13 43 14 39
13 43 14 44
13 43 19 24
13 43 19 29
13 43 19 34
13 43 19 39
13 43 19 44
13 43 24 29
13 43 24 34
13 43 24 39
13 43 24 44
13 43 29 34
13 43 29 39
13 43 29 44
13 43 34 39
13 43 34 44
13 43 39 44
13 4 9 14
13 4 9 19
13 4 9 24
13 4 9 29
13 4 9 34
13 4 9 39
13 4 9 44
13 4 14 19
13 4 14 24
13 4 14 29
13 4 14 34
13 4 14 39
13 4 14 44
13 4 19 24
13 4 19 29
13 4 19 34
13 4 19 39
13 4 19 44
13 4 24 29
13 4 24 34
13 4 24 39
13 4 24 44
13 4 29 34
13 4 29 39
13 4 29 44
13 4 34 39
13 4 34 44
13 4 39 44
13 9 14 19
13 9 14 24
13 9 14 29
13 9 14 34
13 9 14 39
13 9 14 44
13 9 19 24
13 9 19 29
13 9 19 34
13 9 19 39
13 9 19 44
13 9 24 29
13 9 24 34
13 9 24 39
13 9 24 44
13 9 29 34
13 9 29 39
13 9 29 44
13 9 34 39
13 9 34 44
13 9 39 44
13 14 19 24
13 14 19 29
13 14 19 34
13 14 19 39
13 14 19 44
13 14 24 29
13 14 24 34
13 14 24 39
13 14 24 44
13 14 29 34
13 14 29 39
13 14 29 44
13 14 34 39
13 14 34 44
13 14 39 44
13 19 24 29
13 19 24 34
13 19 24 39
13 19 24 44
13 19 29 34
13 19 29 39
13 19 29 44
13 19 34 39
13 19 34 44
13 19 39 44
13 24 29 34
13 24 29 39
13 24 29 44
13 24 34 39
13 24 34 44
13 24 39 44
13 29 34 39
13 29 34 44
13 29 39 44
13 34 39 44
18 23 28 33
18 23 28 38
18 23 28 43
18 23 28 4
18 23 28 9
18 23 28 14
18 23 28 19
18 23 28 24
18 23 28 29
18 23 28 34
18 23 28 39
18 23 28 44
18 23 33 38
18 23 33 43
18 23 33 4
18 23 33 9
18 23 33 14
18 23 33 19
18 23 33 24
18 23 33 29
18 23 33 34
18 23 33 39
18 23 33 44
18 23 38 43
18 23 38 4
18 23 38 9
18 23 38 14
18 23 38 19
18 23 38 24
18 23 38 29
18 23 38 34
18 23 38 39
18 23 38 44
18 23 43 4
18 23 43 9
18 23 43 14
18 23 43 19
18 23 43 24
18 23 43 29
18 23 43 34
18 23 43 39
18 23 43 44
18 23 4 9
18 23 4 14
18 23 4 19
18 23 4 24
18 23 4 29
18 23 4 34
18 23 4 39
18 23 4 44
18 23 9 14
18 23 9 19
18 23 9 24
18 23 9 29
18 23 9 34
18 23 9 39
18 23 9 44
18 23 14 19
18 23 14 24
18 23 14 29
18 23 14 34
18 23 14 39
18 23 14 44
18 23 19 24
18 23 19 29
18 23 19 34
18 23 19 39
18 23 19 44
18 23 24 29
18 23 24 34
18 23 24 39
18 23 24 44
18 23 29 34
18 23 29 39
18 23 29 44
18 23 34 39
18 23 34 44
18 23 39 44
18 28 33 38
18 28 33 43
18 28 33 4
18 28 33 9
18 28 33 14
18 28 33 19
18 28 33 24
18 28 33 29
18 28 33 34
18 28 33 39
18 28 33 44
18 28 38 43
18 28 38 4
18 28 38 9
18 28 38 14
18 28 38 19
18 28 38 24
18 28 38 29
18 28 38 34
18 28 38 39
18 28 38 44
18 28 43 4
18 28 43 9
18 28 43 14
18 28 43 19
18 28 43 24
18 28 43 29
18 28 43 34
18 28 43 39
18 28 43 44
18 28 4 9
18 28 4 14
18 28 4 19
18 28 4 24
18 28 4 29
18 28 4 34
18 28 4 39
18 28 4 44
18 28 9 14
18 28 9 19
18 28 9 24
18 28 9 29
18 28 9 34
18 28 9 39
18 28 9 44
18 28 14 19
18 28 14 24
18 28 14 29
18 28 14 34
18 28 14 39
18 28 14 44
18 28 19 24
18 28 19 29
18 28 19 34
18 28 19 39
18 28 19 44
18 28 24 29
18 28 24 34
18 28 24 39
18 28 24 44
18 28 29 34
18 28 29 39
18 28 29 44
18 28 34 39
18 28 34 44
18 28 39 44
18 33 38 43
18 33 38 4
18 33 38 9
18 33 38 14
18 33 38 19
18 33 38 24
18 33 38 29
18 33 38 34
18 33 38 39
18 33 38 44
18 33 43 4
18 33 43 9
18 33 43 14
18 33 43 19
18 33 43 24
18 33 43 29
18 33 43 34
18 33 43 39
18 33 43 44
18 33 4 9
18 33 4 14
18 33 4 19
18 33 4 24
18 33 4 29
18 33 4 34
18 33 4 39
18 33 4 44
18 33 9 14
18 33 9 19
18 33 9 24
18 33 9 29
18 33 9 34
18 33 9 39
18 33 9 44
18 33 14 19
18 33 14 24
18 33 14 29
18 33 14 34
18 33 14 39
18 33 14 44
18 33 19 24
18 33 19 29
18 33 19 34
18 33 19 39
18 33 19 44
18 33 24 29
18 33 24 34
18 33 24 39
18 33 24 44
18 33 29 34
18 33 29 39
18 33 29 44
18 33 34 39
18 33 34 44
18 33 39 44
18 38 43 4
18 38 43 9
18 38 43 14
18 38 43 19
18 38 43 24
18 38 43 29
18 38 43 34
18 38 43 39
18 38 43 44
18 38 4 9
18 38 4 14
18 38 4 19
18 38 4 24
18 38 4 29
18 38 4 34
18 38 4 39
18 38 4 44
18 38 9 14
18 38 9 19
18 38 9 24
18 38 9 29
18 38 9 34
18 38 9 39
18 38 9 44
18 38 14 19
18 38 14 24
18 38 14 29
18 38 14 34
18 38 14 39
18 38 14 44
18 38 19 24
18 38 19 29
18 38 19 34
18 38 19 39
18 38 19 44
18 38 24 29
18 38 24 34
18 38 24 39
18 38 24 44
18 38 29 34
18 38 29 39
18 38 29 44
18 38 34 39
18 38 34 44
18 38 39 44
18 43 4 9
18 43 4 14
18 43 4 19
18 43 4 24
18 43 4 29
18 43 4 34
18 43 4 39
18 43 4 44
18 43 9 14
18 43 9 19
18 43 9 24
18 43 9 29
18 43 9 34
18 43 9 39
18 43 9 44
18 43 14 19
18 43 14 24
18 43 14 29
18 43 14 34
18 43 14 39
18 43 14 44
18 43 19 24
18 43 19 29
18 43 19 34
18 43 19 39
18 43 19 44
18 43 24 29
18 43 24 34
18 43 24 39
18 43 24 44
18 43 29 34
18 43 29 39
18 43 29 44
18 43 34 39
18 43 34 44
18 43 39 44
18 4 9 14
18 4 9 19
18 4 9 24
18 4 9 29
18 4 9 34
18 4 9 39
18 4 9 44
18 4 14 19
18 4 14 24
18 4 14 29
18 4 14 34
18 4 14 39
18 4 14 44
18 4 19 24
18 4 19 29
18 4 19 34
18 4 19 39
18 4 19 44
18 4 24 29
18 4 24 34
18 4 24 39
18 4 24 44
18 4 29 34
18 4 29 39
18 4 29 44
18 4 34 39
18 4 34 44
18 4 39 44
18 9 14 19
18 9 14 24
18 9 14 29
18 9 14 34
18 9 14 39
18 9 14 44
18 9 19 24
18 9 19 29
18 9 19 34
18 9 19 39
18 9 19 44
18 9 24 29
18 9 24 34
18 9 24 39
18 9 24 44
18 9 29 34
18 9 29 39
18 9 29 44
18 9 34 39
18 9 34 44
18 9 39 44
18 14 19 24
18 14 19 29
18 14 19 34
18 14 19 39
18 14 19 44
18 14 24 29
18 14 24 34
18 14 24 39
18 14 24 44
18 14 29 34
18 14 29 39
18 14 29 44
18 14 34 39
18 14 34 44
18 14 39 44
18 19 24 29
18 19 24 34
18 19 24 39
18 19 24 44
18 19 29 34
18 19 29 39
18 19 29 44
18 19 34 39
18 19 34 44
18 19 39 44
18 24 29 34
18 24 29 39
18 24 29 44
18 24 34 39
18 24 34 44
18 24 39 44
18 29 34 39
18 29 34 44
18 29 39 44
18 34 39 44
23 28 33 38
23 28 33 43
23 28 33 4
23 28 33 9
23 28 33 14
23 28 33 19
23 28 33 24
23 28 33 29
23 28 33 34
23 28 33 39
23 28 33 44
23 28 38 43
23 28 38 4
23 28 38 9
23 28 38 14
23 28 38 19
23 28 38 24
23 28 38 29
23 28 38 34
23 28 38 39
23 28 38 44
23 28 43 4
23 28 43 9
23 28 43 14
23 28 43 19
23 28 43 24
23 28 43 29
23 28 43 34
23 28 43 39
23 28 43 44
23 28 4 9
23 28 4 14
23 28 4 19
23 28 4 24
23 28 4 29
23 28 4 34
23 28 4 39
23 28 4 44
23 28 9 14
23 28 9 19
23 28 9 24
23 28 9 29
23 28 9 34
23 28 9 39
23 28 9 44
23 28 14 19
23 28 14 24
23 28 14 29
23 28 14 34
23 28 14 39
23 28 14 44
23 28 19 24
23 28 19 29
23 28 19 34
23 28 19 39
23 28 19 44
23 28 24 29
23 28 24 34
23 28 24 39
23 28 24 44
23 28 29 34
23 28 29 39
23 28 29 44
23 28 34 39
23 28 34 44
23 28 39 44
23 33 38 43
23 33 38 4
23 33 38 9
23 33 38 14
23 33 38 19
23 33 38 24
23 33 38 29
23 33 38 34
23 33 38 39
23 33 38 44
23 33 43 4
23 33 43 9
23 33 43 14
23 33 43 19
23 33 43 24
23 33 43 29
23 33 43 34
23 33 43 39
23 33 43 44
23 33 4 9
23 33 4 14
23 33 4 19
23 33 4 24
23 33 4 29
23 33 4 34
23 33 4 39
23 33 4 44
23 33 9 14
23 33 9 19
23 33 9 24
23 33 9 29
23 33 9 34
23 33 9 39
23 33 9 44
23 33 14 19
23 33 14 24
23 33 14 29
23 33 14 34
23 33 14 39
23 33 14 44
23 33 19 24
23 33 19 29
23 33 19 34
23 33 19 39
23 33 19 44
23 33 24 29
23 33 24 34
23 33 24 39
23 33 24 44
23 33 29 34
23 33 29 39
23 33 29 44
23 33 34 39
23 33 34 44
23 33 39 44
23 38 43 4
23 38 43 9
23 38 43 14
23 38 43 19
23 38 43 24
23 38 43 29
23 38 43 34
23 38 43 39
23 38 43 44
23 38 4 9
23 38 4 14
23 38 4 19
23 38 4 24
23 38 4 29
23 38 4 34
23 38 4 39
23 38 4 44
23 38 9 14
23 38 9 19
23 38 9 24
23 38 9 29
23 38 9 34
23 38 9 39
23 38 9 44
23 38 14 19
23 38 14 24
23 38 14 29
23 38 14 34
23 38 14 39
23 38 14 44
23 38 19 24
23 38 19 29
23 38 19 34
23 38 19 39
23 38 19 44
23 38 24 29
23 38 24 34
23 38 24 39
23 38 24 44
23 38 29 34
23 38 29 39
23 38 29 44
23 38 34 39
23 38 34 44
23 38 39 44
23 43 4 9
23 43 4 14
23 43 4 19
23 43 4 24
23 43 4 29
23 43 4 34
23 43 4 39
23 43 4 44
23 43 9 14
23 43 9 19
23 43 9 24
23 43 9 29
23 43 9 34
23 43 9 39
23 43 9 44
23 43 14 19
23 43 14 24
23 43 14 29
23 43 14 34
23 43 14 39
23 43 14 44
23 43 19 24
23 43 19 29
23 43 19 34
23 43 19 39
23 43 19 44
23 43 24 29
23 43 24 34
23 43 24 39
23 43 24 44
23 43 29 34
23 43 29 39
23 43 29 44
23 43 34 39
23 43 34 44
23 43 39 44
23 4 9 14
23 4 9 19
23 4 9 24
23 4 9 29
23 4 9 34
23 4 9 39
23 4 9 44
23 4 14 19
23 4 14 24
23 4 14 29
23 4 14 34
23 4 14 39
23 4 14 44
23 4 19 24
23 4 19 29
23 4 19 34
23 4 19 39
23 4 19 44
23 4 24 29
23 4 24 34
23 4 24 39
23 4 24 44
23 4 29 34
23 4 29 39
23 4 29 44
23 4 34 39
23 4 34 44
23 4 39 44
23 9 14 19
23 9 14 24
23 9 14 29
23 9 14 34
23 9 14 39
23 9 14 44
23 9 19 24
23 9 19 29
23 9 19 34
23 9 19 39
23 9 19 44
23 9 24 29
23 9 24 34
23 9 24 39
23 9 24 44
23 9 29 34
23 9 29 39
23 9 29 44
23 9 34 39
23 9 34 44
23 9 39 44
23 14 19 24
23 14 19 29
23 14 19 34
23 14 19 39
23 14 19 44
23 14 24 29
23 14 24 34
23 14 24 39
23 14 24 44
23 14 29 34
23 14 29 39
23 14 29 44
23 14 34 39
23 14 34 44
23 14 39 44
23 19 24 29
23 19 24 34
23 19 24 39
23 19 24 44
23 19 29 34
23 19 29 39
23 19 29 44
23 19 34 39
23 19 34 44
23 19 39 44
23 24 29 34
23 24 29 39
23 24 29 44
23 24 34 39
23 24 34 44
23 24 39 44
23 29 34 39
23 29 34 44
23 29 39 44
23 34 39 44
28 33 38 43
28 33 38 4
28 33 38 9
28 33 38 14
28 33 38 19
28 33 38 24
28 33 38 29
28 33 38 34
28 33 38 39
28 33 38 44
28 33 43 4
28 33 43 9
28 33 43 14
28 33 43 19
28 33 43 24
28 33 43 29
28 33 43 34
28 33 43 39
28 33 43 44
28 33 4 9
28 33 4 14
28 33 4 19
28 33 4 24
28 33 4 29
28 33 4 34
28 33 4 39
28 33 4 44
28 33 9 14
28 33 9 19
28 33 9 24
28 33 9 29
28 33 9 34
28 33 9 39
28 33 9 44
28 33 14 19
28 33 14 24
28 33 14 29
28 33 14 34
28 33 14 39
28 33 14 44
28 33 19 24
28 33 19 29
28 33 19 34
28 33 19 39
28 33 19 44
28 33 24 29
28 33 24 34
28 33 24 39
28 33 24 44
28 33 29 34
28 33 29 39
28 33 29 44
28 33 34 39
28 33 34 44
28 33 39 44
28 38 43 4
28 38 43 9
28 38 43 14
28 38 43 19
28 38 43 24
28 38 43 29
28 38 43 34
28 38 43 39
28 38 43 44
28 38 4 9
28 38 4 14
28 38 4 19
28 38 4 24
28 38 4 29
28 38 4 34
28 38 4 39
28 38 4 44
28 38 9 14
28 38 9 19
28 38 9 24
28 38 9 29
28 38 9 34
28 38 9 39
28 38 9 44
28 38 14 19
28 38 14 24
28 38 14 29
28 38 14 34
28 38 14 39
28 38 14 44
28 38 19 24
28 38 19 29
28 38 19 34
28 38 19 39
28 38 19 44
28 38 24 29
28 38 24 34
28 38 24 39
28 38 24 44
28 38 29 34
28 38 29 39
28 38 29 44
28 38 34 39
28 38 34 44
28 38 39 44
28 43 4 9
28 43 4 14
28 43 4 19
28 43 4 24
28 43 4 29
28 43 4 34
28 43 4 39
28 43 4 44
28 43 9 14
28 43 9 19
28 43 9 24
28 43 9 29
28 43 9 34
28 43 9 39
28 43 9 44
28 43 14 19
28 43 14 24
28 43 14 29
28 43 14 34
28 43 14 39
28 43 14 44
28 43 19 24
28 43 19 29
28 43 19 34
28 43 19 39
28 43 19 44
28 43 24 29
28 43 24 34
28 43 24 39
28 43 24 44
28 43 29 34
28 43 29 39
28 43 29 44
28 43 34 39
28 43 34 44
28 43 39 44
28 4 9 14
28 4 9 19
28 4 9 24
28 4 9 29
28 4 9 34
28 4 9 39
28 4 9 44
28 4 14 19
28 4 14 24
28 4 14 29
28 4 14 34
28 4 14 39
28 4 14 44
28 4 19 24
28 4 19 29
28 4 19 34
28 4 19 39
28 4 19 44
28 4 24 29
28 4 24 34
28 4 24 39
28 4 24 44
28 4 29 34
28 4 29 39
28 4 29 44
28 4 34 39
28 4 34 44
28 4 39 44
28 9 14 19
28 9 14 24
28 9 14 29
28 9 14 34
28 9 14 39
28 9 14 44
28 9 19 24
28 9 19 29
28 9 19 34
28 9 19 39
28 9 19 44
28 9 24 29
28 9 24 34
28 9 24 39
28 9 24 44
28 9 29 34
28 9 29 39
28 9 29 44
28 9 34 39
28 9 34 44
28 9 39 44
28 14 19 24
28 14 19 29
28 14 19 34
28 14 19 39
28 14 19 44
28 14 24 29
28 14 24 34
28 14 24 39
28 14 24 44
28 14 29 34
28 14 29 39
28 14 29 44
28 14 34 39
28 14 34 44
28 14 39 44
28 19 24 29
28 19 24 34
28 19 24 39
28 19 24 44
28 19 29 34
28 19 29 39
28 19 29 44
28 19 34 39
28 19 34 44
28 19 39 44
28 24 29 34
28 24 29 39
28 24 29 44
28 24 34 39
28 24 34 44
28 24 39 44
28 29 34 39
28 29 34 44
28 29 39 44
28 34 39 44
33 38 43 4
33 38 43 9
33 38 43 14
33 38 43 19
33 38 43 24
33 38 43 29
33 38 43 34
33 38 43 39
33 38 43 44
33 38 4 9
33 38 4 14
33 38 4 19
33 38 4 24
33 38 4 29
33 38 4 34
33 38 4 39
33 38 4 44
33 38 9 14
33 38 9 19
33 38 9 24
33 38 9 29
33 38 9 34
33 38 9 39
33 38 9 44
33 38 14 19
33 38 14 24
33 38 14 29
33 38 14 34
33 38 14 39
33 38 14 44
33 38 19 24
33 38 19 29
33 38 19 34
33 38 19 39
33 38 19 44
33 38 24 29
33 38 24 34
33 38 24 39
33 38 24 44
33 38 29 34
33 38 29 39
33 38 29 44
33 38 34 39
33 38 34 44
33 38 39 44
33 43 4 9
33 43 4 14
33 43 4 19
33 43 4 24
33 43 4 29
33 43 4 34
33 43 4 39
33 43 4 44
33 43 9 14
33 43 9 19
33 43 9 24
33 43 9 29
33 43 9 34
33 43 9 39
33 43 9 44
33 43 14 19
33 43 14 24
33 43 14 29
33 43 14 34
33 43 14 39
33 43 14 44
33 43 19 24
33 43 19 29
33 43 19 34
33 43 19 39
33 43 19 44
33 43 24 29
33 43 24 34
33 43 24 39
33 43 24 44
33 43 29 34
33 43 29 39
33 43 29 44
33 43 34 39
33 43 34 44
33 43 39 44
33 4 9 14
33 4 9 19
33 4 9 24
33 4 9 29
33 4 9 34
33 4 9 39
33 4 9 44
33 4 14 19
33 4 14 24
33 4 14 29
33 4 14 34
33 4 14 39
33 4 14 44
33 4 19 24
33 4 19 29
33 4 19 34
33 4 19 39
33 4 19 44
33 4 24 29
33 4 24 34
33 4 24 39
33 4 24 44
33 4 29 34
33 4 29 39
33 4 29 44
33 4 34 39
33 4 34 44
33 4 39 44
33 9 14 19
33 9 14 24
33 9 14 29
33 9 14 34
33 9 14 39
33 9 14 44
33 9 19 24
33 9 19 29
33 9 19 34
33 9 19 39
33 9 19 44
33 9 24 29
33 9 24 34
33 9 24 39
33 9 24 44
33 9 29 34
33 9 29 39
33 9 29 44
33 9 34 39
33 9 34 44
33 9 39 44
33 14 19 24
33 14 19 29
33 14 19 34
33 14 19 39
33 14 19 44
33 14 24 29
33 14 24 34
33 14 24 39
33 14 24 44
33 14 29 34
33 14 29 39
33 14 29 44
33 14 34 39
33 14 34 44
33 14 39 44
33 19 24 29
33 19 24 34
33 19 24 39
33 19 24 44
33 19 29 34
33 19 29 39
33 19 29 44
33 19 34 39
33 19 34 44
33 19 39 44
33 24 29 34
33 24 29 39
33 24 29 44
33 24 34 39
33 24 34 44
33 24 39 44
33 29 34 39
33 29 34 44
33 29 39 44
33 34 39 44
38 43 4 9
38 43 4 14
38 43 4 19
38 43 4 24
38 43 4 29
38 43 4 34
38 43 4 39
38 43 4 44
38 43 9 14
38 43 9 19
38 43 9 24
38 43 9 29
38 43 9 34
38 43 9 39
38 43 9 44
38 43 14 19
38 43 14 24
38 43 14 29
38 43 14 34
38 43 14 39
38 43 14 44
38 43 19 24
38 43 19 29
38 43 19 34
38 43 19 39
38 43 19 44
38 43 24 29
38 43 24 34
38 43 24 39
38 43 24 44
38 43 29 34
38 43 29 39
38 43 29 44
38 43 34 39
38 43 34 44
38 43 39 44
38 4 9 14
38 4 9 19
38 4 9 24
38 4 9 29
38 4 9 34
38 4 9 39
38 4 9 44
38 4 14 19
38 4 14 24
38 4 14 29
38 4 14 34
38 4 14 39
38 4 14 44
38 4 19 24
38 4 19 29
38 4 19 34
38 4 19 39
38 4 19 44
38 4 24 29
38 4 24 34
38 4 24 39
38 4 24 44
38 4 29 34
38 4 29 39
38 4 29 44
38 4 34 39
38 4 34 44
38 4 39 44
38 9 14 19
38 9 14 24
38 9 14 29
38 9 14 34
38 9 14 39
38 9 14 44
38 9 19 24
38 9 19 29
38 9 19 34
38 9 19 39
38 9 19 44
38 9 24 29
38 9 24 34
38 9 24 39
38 9 24 44
38 9 29 34
38 9 29 39
38 9 29 44
38 9 34 39
38 9 34 44
38 9 39 44
38 14 19 24
38 14 19 29
38 14 19 34
38 14 19 39
38 14 19 44
38 14 24 29
38 14 24 34
38 14 24 39
38 14 24 44
38 14 29 34
38 14 29 39
38 14 29 44
38 14 34 39
38 14 34 44
38 14 39 44
38 19 24 29
38 19 24 34
38 19 24 39
38 19 24 44
38 19 29 34
38 19 29 39
38 19 29 44
38 19 34 39
38 19 34 44
38 19 39 44
38 24 29 34
38 24 29 39
38 24 29 44
38 24 34 39
38 24 34 44
38 24 39 44
38 29 34 39
38 29 34 44
38 29 39 44
38 34 39 44
43 4 9 14
43 4 9 19
43 4 9 24
43 4 9 29
43 4 9 34
43 4 9 39
43 4 9 44
43 4 14 19
43 4 14 24
43 4 14 29
43 4 14 34
43 4 14 39
43 4 14 44
43 4 19 24
43 4 19 29
43 4 19 34
43 4 19 39
43 4 19 44
43 4 24 29
43 4 24 34
43 4 24 39
43 4 24 44
43 4 29 34
43 4 29 39
43 4 29 44
43 4 34 39
43 4 34 44
43 4 39 44
43 9 14 19
43 9 14 24
43 9 14 29
43 9 14 34
43 9 14 39
43 9 14 44
43 9 19 24
43 9 19 29
43 9 19 34
43 9 19 39
43 9 19 44
43 9 24 29
43 9 24 34
43 9 24 39
43 9 24 44
43 9 29 34
43 9 29 39
43 9 29 44
43 9 34 39
43 9 34 44
43 9 39 44
43 14 19 24
43 14 19 29
43 14 19 34
43 14 19 39
43 14 19 44
43 14 24 29
43 14 24 34
43 14 24 39
43 14 24 44
43 14 29 34
43 14 29 39
43 14 29 44
43 14 34 39
43 14 34 44
43 14 39 44
43 19 24 29
43 19 24 34
43 19 24 39
43 19 24 44
43 19 29 34
43 19 29 39
43 19 29 44
43 19 34 39
43 19 34 44
43 19 39 44
43 24 29 34
43 24 29 39
43 24 29 44
43 24 34 39
43 24 34 44
43 24 39 44
43 29 34 39
43 29 34 44
43 29 39 44
43 34 39 44
4 9 14 19
4 9 14 24
4 9 14 29
4 9 14 34
4 9 14 39
4 9 14 44
4 9 19 24
4 9 19 29
4 9 19 34
4 9 19 39
4 9 19 44
4 9 24 29
4 9 24 34
4 9 24 39
4 9 24 44
4 9 29 34
4 9 29 39
4 9 29 44
4 9 34 39
4 9 34 44
4 9 39 44
4 14 19 24
4 14 19 29
4 14 19 34
4 14 19 39
4 14 19 44
4 14 24 29
4 14 24 34
4 14 24 39
4 14 24 44
4 14 29 34
4 14 29 39
4 14 29 44
4 14 34 39
4 14 34 44
4 14 39 44
4 19 24 29
4 19 24 34
4 19 24 39
4 19 24 44
4 19 29 34
4 19 29 39
4 19 29 44
4 19 34 39
4 19 34 44
4 19 39 44
4 24 29 34
4 24 29 39
4 24 29 44
4 24 34 39
4 24 34 44
4 24 39 44
4 29 34 39
4 29 34 44
4 29 39 44
4 34 39 44
9 14 19 24
9 14 19 29
9 14 19 34
9 14 19 39
9 14 19 44
9 14 24 29
9 14 24 34
9 14 24 39
9 14 24 44
9 14 29 34
9 14 29 39
9 14 29 44
9 14 34 39
9 14 34 44
9 14 39 44
9 19 24 29
9 19 24 34
9 19 24 39
9 19 24 44
9 19 29 34
9 19 29 39
9 19 29 44
9 19 34 39
9 19 34 44
9 19 39 44
9 24 29 34
9 24 29 39
9 24 29 44
9 24 34 39
9 24 34 44
9 24 39 44
9 29 34 39
9 29 34 44
9 29 39 44
9 34 39 44
14 19 24 29
14 19 24 34
14 19 24 39
14 19 24 44
14 19 29 34
14 19 29 39
14 19 29 44
14 19 34 39
14 19 34 44
14 19 39 44
14 24 29 34
14 24 29 39
14 24 29 44
14 24 34 39
14 24 34 44
14 24 39 44
14 29 34 39
14 29 34 44
14 29 39 44
14 34 39 44
19 24 29 34
19 24 29 39
19 24 29 44
19 24 34 39
19 24 34 44
19 24 39 44
19 29 34 39
19 29 34 44
19 29 39 44
19 34 39 44
24 29 34 39
24 29 34 44
24 29 39 44
24 34 39 44
29 34 39 44
