3 8 13 18
3 8 13 23
3 8 13 28
3 8 13 33
3 8 13 38
3 8 13 43
3 8 13 5
3 8 13 10
3 8 13 15
3 8 13 20
3 8 13 25
3 8 13 30
3 8 13 35
3 8 13 40
3 8 13 45
3 8 18 23
3 8 18 28
3 8 18 33
3 8 18 38
3 8 18 43
3 8 18 5
3 8 18 10
3 8 18 15
3 8 18 20
3 8 18 25
3 8 18 30
3 8 18 35
3 8 18 40
3 8 18 45
3 8 23 28
3 8 23 33
3 8 23 38
3 8 23 43
3 8 23 5
3 8 23 10
3 8 23 15
3 8 23 20
3 8 23 25
3 8 23 30
3 8 23 35
3 8 23 40
3 8 23 45
3 8 28 33
3 8 28 38
3 8 28 43
3 8 28 5
3 8 28 10
3 8 28 15
3 8 28 20
3 8 28 25
3 8 28 30
3 8 28 35
3 8 28 40
3 8 28 45
3 8 33 38
3 8 33 43
3 8 33 5
3 8 33 10
3 8 33 15
3 8 33 20
3 8 33 25
3 8 33 30
3 8 33 35
3 8 33 40
3 8 33 45
3 8 38 43
3 8 38 5
3 8 38 10
3 8 38 15
3 8 38 20
3 8 38 25
3 8 38 30
3 8 38 35
3 8 38 40
3 8 38 45
3 8 43 5
3 8 43 10
3 8 43 15
3 8 43 20
3 8 43 25
3 8 43 30
3 8 43 35
3 8 43 40
3 8 43 45
3 8 5 10
3 8 5 15
3 8 5 20
3 8 5 25
3 8 5 30
3 8 5 35
3 8 5 40
3 8 5 45
3 8 10 15
3 8 10 20
3 8 10 25
3 8 10 30
3 8 10 35
3 8 10 40
3 8 10 45
3 8 15 20
3 8 15 25
3 8 15 30
3 8 15 35
3 8 15 40
3 8 15 45
3 8 20 25
3 8 20 30
3 8 20 35
3 8 20 40
3 8 20 45
3 8 25 30
3 8 25 35
3 8 25 40
3 8 25 45
3 8 30 35
3 8 30 40
3 8 30 45
3 8 35 40
3 8 35 45
3 8 40 45
3 13 18 23
3 13 18 28
3 13 18 33
3 13 18 38
3 13 18 43
3 13 18 5
3 13 18 10
3 13 18 15
3 13 18 20
3 13 18 25
3 13 18 30
3 13 18 35
3 13 18 40
3 13 18 45
3 13 23 28
3 13 23 33
3 13 23 38
3 13 23 43
3 13 23 5
3 13 23 10
3 13 23 15
3 13 23 20
3 13 23 25
3 13 23 30
3 13 23 35
3 13 23 40
3 13 23 45
3 13 28 33
3 13 28 38
3 13 28 43
3 13 28 5
3 13 28 10
3 13 28 15
3 13 28 20
3 13 28 25
3 13 28 30
3 13 28 35
3 13 28 40
3 13 28 45
3 13 33 38
3 13 33 43
3 13 33 5
3 13 33 10
3 13 33 15
3 13 33 20
3 13 33 25
3 13 33 30
3 13 33 35
3 13 33 40
3 13 33 45
3 13 38 43
3 13 38 5
3 13 38 10
3 13 38 15
3 13 38 20
3 13 38 25
3 13 38 30
3 13 38 35
3 13 38 40
3 13 38 45
3 13 43 5
3 13 43 10
3 13 43 15
3 13 43 20
3 13 43 25
3 13 43 30
3 13 43 35
3 13 43 40
3 13 43 45
3 13 5 10
3 13 5 15
3 13 5 20
3 13 5 25
3 13 5 30
3 13 5 35
3 13 5 40
3 13 5 45
3 13 10 15
3 13 10 20
3 13 10 25
3 13 10 30
3 13 10 35
3 13 10 40
3 13 10 45
3 13 15 20
3 13 15 25
3 13 15 30
3 13 15 35
3 13 15 40
3 13 15 45
3 13 20 25
3 13 20 30
3 13 20 35
3 13 20 40
3 13 20 45
3 13 25 30
3 13 25 35
3 13 25 40
3 13 25 45
3 13 30 35
3 13 30 40
3 13 30 45
3 13 35 40
3 13 35 45
3 13 40 45
3 18 23 28
3 18 23 33
3 18 23 38
3 18 23 43
3 18 23 5
3 18 23 10
3 18 23 15
3 18 23 20
3 18 23 25
3 18 23 30
3 18 23 35
3 18 23 40
3 18 23 45
3 18 28 33
3 18 28 38
3 18 28 43
3 18 28 5
3 18 28 10
3 18 28 15
3 18 28 20
3 18 28 25
3 18 28 30
3 18 28 35
3 18 28 40
3 18 28 45
3 18 33 38
3 18 33 43
3 18 33 5
3 18 33 10
3 18 33 15
3 18 33 20
3 18 33 25
3 18 33 30
3 18 33 35
3 18 33 40
3 18 33 45
3 18 38 43
3 18 38 5
3 18 38 10
3 18 38 15
3 18 38 20
3 18 38 25
3 18 38 30
3 18 38 35
3 18 38 40
3 18 38 45
3 18 43 5
3 18 43 10
3 18 43 15
3 18 43 20
3 18 43 25
3 18 43 30
3 18 43 35
3 18 43 40
3 18 43 45
3 18 5 10
3 18 5 15
3 18 5 20
3 18 5 25
3 18 5 30
3 18 5 35
3 18 5 40
3 18 5 45
3 18 10 15
3 18 10 20
3 18 10 25
3 18 10 30
3 18 10 35
3 18 10 40
3 18 10 45
3 18 15 20
3 18 15 25
3 18 15 30
3 18 15 35
3 18 15 40
3 18 15 45
3 18 20 25
3 18 20 30
3 18 20 35
3 18 20 40
3 18 20 45
3 18 25 30
3 18 25 35
3 18 25 40
3 18 25 45
3 18 30 35
3 18 30 40
3 18 30 45
3 18 35 40
3 18 35 45
3 18 40 45
3 23 28 33
3 23 28 38
3 23 28 43
3 23 28 5
3 23 28 10
3 23 28 15
3 23 28 20
3 23 28 25
3 23 28 30
3 23 28 35
3 23 28 40
3 23 28 45
3 23 33 38
3 23 33 43
3 23 33 5
3 23 33 10
3 23 33 15
3 23 33 20
3 23 33 25
3 23 33 30
3 23 33 35
3 23 33 40
3 23 33 45
3 23 38 43
3 23 38 5
3 23 38 10
3 23 38 15
3 23 38 20
3 23 38 25
3 23 38 30
3 23 38 35
3 23 38 40
3 23 38 45
3 23 43 5
3 23 43 10
3 23 43 15
3 23 43 20
3 23 43 25
3 23 43 30
3 23 43 35
3 23 43 40
3 23 43 45
3 23 5 10
3 23 5 15
3 23 5 20
3 23 5 25
3 23 5 30
3 23 5 35
3 23 5 40
3 23 5 45
3 23 10 15
3 23 10 20
3 23 10 25
3 23 10 30
3 23 10 35
3 23 10 40
3 23 10 45
3 23 15 20
3 23 15 25
3 23 15 30
3 23 15 35
3 23 15 40
3 23 15 45
3 23 20 25
3 23 20 30
3 23 20 35
3 23 20 40
3 23 20 45
3 23 25 30
3 23 25 35
3 23 25 40
3 23 25 45
3 23 30 35
3 23 30 40
3 23 30 45
3 23 35 40
3 23 35 45
3 23 40 45
3 28 33 38
3 28 33 43
3 28 33 5
3 28 33 10
3 28 33 15
3 28 33 20
3 28 33 25
3 28 33 30
3 28 33 35
3 28 33 40
3 28 33 45
3 28 38 43
3 28 38 5
3 28 38 10
3 28 38 15
3 28 38 20
3 28 38 25
3 28 38 30
3 28 38 35
3 28 38 40
3 28 38 45
3 28 43 5
3 28 43 10
3 28 43 15
3 28 43 20
3 28 43 25
3 28 43 30
3 28 43 35
3 28 43 40
3 28 43 45
3 28 5 10
3 28 5 15
3 28 5 20
3 28 5 25
3 28 5 30
3 28 5 35
3 28 5 40
3 28 5 45
3 28 10 15
3 28 10 20
3 28 10 25
3 28 10 30
3 28 10 35
3 28 10 40
3 28 10 45
3 28 15 20
3 28 15 25
3 28 15 30
3 28 15 35
3 28 15 40
3 28 15 45
3 28 20 25
3 28 20 30
3 28 20 35
3 28 20 40
3 28 20 45
3 28 25 30
3 28 25 35
3 28 25 40
3 28 25 45
3 28 30 35
3 28 30 40
3 28 30 45
3 28 35 40
3 28 35 45
3 28 40 45
3 33 38 43
3 33 38 5
3 33 38 10
3 33 38 15
3 33 38 20
3 33 38 25
3 33 38 30
3 33 38 35
3 33 38 40
3 33 38 45
3 33 43 5
3 33 43 10
3 33 43 15
3 33 43 20
3 33 43 25
3 33 43 30
3 33 43 35
3 33 43 40
3 33 43 45
3 33 5 10
3 33 5 15
3 33 5 20
3 33 5 25
3 33 5 30
3 33 5 35
3 33 5 40
3 33 5 45
3 33 10 15
3 33 10 20
3 33 10 25
3 33 10 30
3 33 10 35
3 33 10 40
3 33 10 45
3 33 15 20
3 33 15 25
3 33 15 30
3 33 15 35
3 33 15 40
3 33 15 45
3 33 20 25
3 33 20 30
3 33 20 35
3 33 20 40
3 33 20 45
3 33 25 30
3 33 25 35
3 33 25 40
3 33 25 45
3 33 30 35
3 33 30 40
3 33 30 45
3 33 35 40
3 33 35 45
3 33 40 45
3 38 43 5
3 38 43 10
3 38 43 15
3 38 43 20
3 38 43 25
3 38 43 30
3 38 43 35
3 38 43 40
3 38 43 45
3 38 5 10
3 38 5 15
3 38 5 20
3 38 5 25
3 38 5 30
3 38 5 35
3 38 5 40
3 38 5 45
3 38 10 15
3 38 10 20
3 38 10 25
3 38 10 30
3 38 10 35
3 38 10 40
3 38 10 45
3 38 15 20
3 38 15 25
3 38 15 30
3 38 15 35
3 38 15 40
3 38 15 45
3 38 20 25
3 38 20 30
3 38 20 35
3 38 20 40
3 38 20 45
3 38 25 30
3 38 25 35
3 38 25 40
3 38 25 45
3 38 30 35
3 38 30 40
3 38 30 45
3 38 35 40
3 38 35 45
3 38 40 45
3 43 5 10
3 43 5 15
3 43 5 20
3 43 5 25
3 43 5 30
3 43 5 35
3 43 5 40
3 43 5 45
3 43 10 15
3 43 10 20
3 43 10 25
3 43 10 30
3 43 10 35
3 43 10 40
3 43 10 45
3 43 15 20
3 43 15 25
3 43 15 30
3 43 15 35
3 43 15 40
3 43 15 45
3 43 20 25
3 43 20 30
3 43 20 35
3 43 20 40
3 43 20 45
3 43 25 30
3 43 25 35
3 43 25 40
3 43 25 45
3 43 30 35
3 43 30 40
3 43 30 45
3 43 35 40
3 43 35 45
3 43 40 45
3 5 10 15
3 5 10 20
3 5 10 25
3 5 10 30
3 5 10 35
3 5 10 40
3 5 10 45
3 5 15 20
3 5 15 25
3 5 15 30
3 5 15 35
3 5 15 40
3 5 15 45
3 5 20 25
3 5 20 30
3 5 20 35
3 5 20 40
3 5 20 45
3 5 25 30
3 5 25 35
3 5 25 40
3 5 25 45
3 5 30 35
3 5 30 40
3 5 30 45
3 5 35 40
3 5 35 45
3 5 40 45
3 10 15 20
3 10 15 25
3 10 15 30
3 10 15 35
3 10 15 40
3 10 15 45
3 10 20 25
3 10 20 30
3 10 20 35
3 10 20 40
3 10 20 45
3 10 25 30
3 10 25 35
3 10 25 40
3 10 25 45
3 10 30 35
3 10 30 40
3 10 30 45
3 10 35 40
3 10 35 45
3 10 40 45
3 15 20 25
3 15 20 30
3 15 20 35
3 15 20 40
3 15 20 45
3 15 25 30
3 15 25 35
3 15 25 40
3 15 25 45
3 15 30 35
3 15 30 40
3 15 30 45
3 15 35 40
3 15 35 45
3 15 40 45
3 20 25 30
3 20 25 35
3 20 25 40
3 20 25 45
3 20 30 35
3 20 30 40
3 20 30 45
3 20 35 40
3 20 35 45
3 20 40 45
3 25 30 35
3 25 30 40
3 25 30 45
3 25 35 40
3 25 35 45
3 25 40 45
3 30 35 40
3 30 35 45
3 30 40 45
3 35 40 45
8 13 18 23
8 13 18 28
8 13 18 33
8 13 18 38
8 13 18 43
8 13 18 5
8 13 18 10
8 13 18 15
8 13 18 20
8 13 18 25
8 13 18 30
8 13 18 35
8 13 18 40
8 13 18 45
8 13 23 28
8 13 23 33
8 13 23 38
8 13 23 43
8 13 23 5
8 13 23 10
8 13 23 15
8 13 23 20
8 13 23 25
8 13 23 30
8 13 23 35
8 13 23 40
8 13 23 45
8 13 28 33
8 13 28 38
8 13 28 43
8 13 28 5
8 13 28 10
8 13 28 15
8 13 28 20
8 13 28 25
8 13 28 30
8 13 28 35
8 13 28 40
8 13 28 45
8 13 33 38
8 13 33 43
8 13 33 5
8 13 33 10
8 13 33 15
8 13 33 20
8 13 33 25
8 13 33 30
8 13 33 35
8 13 33 40
8 13 33 45
8 13 38 43
8 13 38 5
8 13 38 10
8 13 38 15
8 13 38 20
8 13 38 25
8 13 38 30
8 13 38 35
8 13 38 40
8 13 38 45
8 13 43 5
8 13 43 10
8 13 43 15
8 13 43 20
8 13 43 25
8 13 43 30
8 13 43 35
8 13 43 40
8 13 43 45
8 13 5 10
8 13 5 15
8 13 5 20
8 13 5 25
8 13 5 30
8 13 5 35
8 13 5 40
8 13 5 45
8 13 10 15
8 13 10 20
8 13 10 25
8 13 10 30
8 13 10 35
8 13 10 40
8 13 10 45
8 13 15 20
8 13 15 25
8 13 15 30
8 13 15 35
8 13 15 40
8 13 15 45
8 13 20 25
8 13 20 30
8 13 20 35
8 13 20 40
8 13 20 45
8 13 25 30
8 13 25 35
8 13 25 40
8 13 25 45
8 13 30 35
8 13 30 40
8 13 30 45
8 13 35 40
8 13 35 45
8 13 40 45
8 18 23 28
8 18 23 33
8 18 23 38
8 18 23 43
8 18 23 5
8 18 23 10
8 18 23 15
8 18 23 20
8 18 23 25
8 18 23 30
8 18 23 35
8 18 23 40
8 18 23 45
8 18 28 33
8 18 28 38
8 18 28 43
8 18 28 5
8 18 28 10
8 18 28 15
8 18 28 20
8 18 28 25
8 18 28 30
8 18 28 35
8 18 28 40
8 18 28 45
8 18 33 38
8 18 33 43
8 18 33 5
8 18 33 10
8 18 33 15
8 18 33 20
8 18 33 25
8 18 33 30
8 18 33 35
8 18 33 40
8 18 33 45
8 18 38 43
8 18 38 5
8 18 38 10
8 18 38 15
8 18 38 20
8 18 38 25
8 18 38 30
8 18 38 35
8 18 38 40
8 18 38 45
8 18 43 5
8 18 43 10
8 18 43 15
8 18 43 20
8 18 43 25
8 18 43 30
8 18 43 35
8 18 43 40
8 18 43 45
8 18 5 10
8 18 5 15
8 18 5 20
8 18 5 25
8 18 5 30
8 18 5 35
8 18 5 40
8 18 5 45
8 18 10 15
8 18 10 20
8 18 10 25
8 18 10 30
8 18 10 35
8 18 10 40
8 18 10 45
8 18 15 20
8 18 15 25
8 18 15 30
8 18 15 35
8 18 15 40
8 18 15 45
8 18 20 25
8 18 20 30
8 18 20 35
8 18 20 40
8 18 20 45
8 18 25 30
8 18 25 35
8 18 25 40
8 18 25 45
8 18 30 35
8 18 30 40
8 18 30 45
8 18 35 40
8 18 35 45
8 18 40 45
8 23 28 33
8 23 28 38
8 23 28 43
8 23 28 5
8 23 28 10
8 23 28 15
8 23 28 20
8 23 28 25
8 23 28 30
8 23 28 35
8 23 28 40
8 23 28 45
8 23 33 38
8 23 33 43
8 23 33 5
8 23 33 10
8 23 33 15
8 23 33 20
8 23 33 25
8 23 33 30
8 23 33 35
8 23 33 40
8 23 33 45
8 23 38 43
8 23 38 5
8 23 38 10
8 23 38 15
8 23 38 20
8 23 38 25
8 23 38 30
8 23 38 35
8 23 38 40
8 23 38 45
8 23 43 5
8 23 43 10
8 23 43 15
8 23 43 20
8 23 43 25
8 23 43 30
8 23 43 35
8 23 43 40
8 23 43 45
8 23 5 10
8 23 5 15
8 23 5 20
8 23 5 25
8 23 5 30
8 23 5 35
8 23 5 40
8 23 5 45
8 23 10 15
8 23 10 20
8 23 10 25
8 23 10 30
8 23 10 35
8 23 10 40
8 23 10 45
8 23 15 20
8 23 15 25
8 23 15 30
8 23 15 35
8 23 15 40
8 23 15 45
8 23 20 25
8 23 20 30
8 23 20 35
8 23 20 40
8 23 20 45
8 23 25 30
8 23 25 35
8 23 25 40
8 23 25 45
8 23 30 35
8 23 30 40
8 23 30 45
8 23 35 40
8 23 35 45
8 23 40 45
8 28 33 38
8 28 33 43
8 28 33 5
8 28 33 10
8 28 33 15
8 28 33 20
8 28 33 25
8 28 33 30
8 28 33 35
8 28 33 40
8 28 33 45
8 28 38 43
8 28 38 5
8 28 38 10
8 28 38 15
8 28 38 20
8 28 38 25
8 28 38 30
8 28 38 35
8 28 38 40
8 28 38 45
8 28 43 5
8 28 43 10
8 28 43 15
8 28 43 20
8 28 43 25
8 28 43 30
8 28 43 35
8 28 43 40
8 28 43 45
8 28 5 10
8 28 5 15
8 28 5 20
8 28 5 25
8 28 5 30
8 28 5 35
8 28 5 40
8 28 5 45
8 28 10 15
8 28 10 20
8 28 10 25
8 28 10 30
8 28 10 35
8 28 10 40
8 28 10 45
8 28 15 20
8 28 15 25
8 28 15 30
8 28 15 35
8 28 15 40
8 28 15 45
8 28 20 25
8 28 20 30
8 28 20 35
8 28 20 40
8 28 20 45
8 28 25 30
8 28 25 35
8 28 25 40
8 28 25 45
8 28 30 35
8 28 30 40
8 28 30 45
8 28 35 40
8 28 35 45
8 28 40 45
8 33 38 43
8 33 38 5
8 33 38 10
8 33 38 15
8 33 38 20
8 33 38 25
8 33 38 30
8 33 38 35
8 33 38 40
8 33 38 45
8 33 43 5
8 33 43 10
8 33 43 15
8 33 43 20
8 33 43 25
8 33 43 30
8 33 43 35
8 33 43 40
8 33 43 45
8 33 5 10
8 33 5 15
8 33 5 20
8 33 5 25
8 33 5 30
8 33 5 35
8 33 5 40
8 33 5 45
8 33 10 15
8 33 10 20
8 33 10 25
8 33 10 30
8 33 10 35
8 33 10 40
8 33 10 45
8 33 15 20
8 33 15 25
8 33 15 30
8 33 15 35
8 33 15 40
8 33 15 45
8 33 20 25
8 33 20 30
8 33 20 35
8 33 20 40
8 33 20 45
8 33 25 30
8 33 25 35
8 33 25 40
8 33 25 45
8 33 30 35
8 33 30 40
8 33 30 45
8 33 35 40
8 33 35 45
8 33 40 45
8 38 43 5
8 38 43 10
8 38 43 15
8 38 43 20
8 38 43 25
8 38 43 30
8 38 43 35
8 38 43 40
8 38 43 45
8 38 5 10
8 38 5 15
8 38 5 20
8 38 5 25
8 38 5 30
8 38 5 35
8 38 5 40
8 38 5 45
8 38 10 15
8 38 10 20
8 38 10 25
8 38 10 30
8 38 10 35
8 38 10 40
8 38 10 45
8 38 15 20
8 38 15 25
8 38 15 30
8 38 15 35
8 38 15 40
8 38 15 45
8 38 20 25
8 38 20 30
8 38 20 35
8 38 20 40
8 38 20 45
8 38 25 30
8 38 25 35
8 38 25 40
8 38 25 45
8 38 30 35
8 38 30 40
8 38 30 45
8 38 35 40
8 38 35 45
8 38 40 45
8 43 5 10
8 43 5 15
8 43 5 20
8 43 5 25
8 43 5 30
8 43 5 35
8 43 5 40
8 43 5 45
8 43 10 15
8 43 10 20
8 43 10 25
8 43 10 30
8 43 10 35
8 43 10 40
8 43 10 45
8 43 15 20
8 43 15 25
8 43 15 30
8 43 15 35
8 43 15 40
8 43 15 45
8 43 20 25
8 43 20 30
8 43 20 35
8 43 20 40
8 43 20 45
8 43 25 30
8 43 25 35
8 43 25 40
8 43 25 45
8 43 30 35
8 43 30 40
8 43 30 45
8 43 35 40
8 43 35 45
8 43 40 45
8 5 10 15
8 5 10 20
8 5 10 25
8 5 10 30
8 5 10 35
8 5 10 40
8 5 10 45
8 5 15 20
8 5 15 25
8 5 15 30
8 5 15 35
8 5 15 40
8 5 15 45
8 5 20 25
8 5 20 30
8 5 20 35
8 5 20 40
8 5 20 45
8 5 25 30
8 5 25 35
8 5 25 40
8 5 25 45
8 5 30 35
8 5 30 40
8 5 30 45
8 5 35 40
8 5 35 45
8 5 40 45
8 10 15 20
8 10 15 25
8 10 15 30
8 10 15 35
8 10 15 40
8 10 15 45
8 10 20 25
8 10 20 30
8 10 20 35
8 10 20 40
8 10 20 45
8 10 25 30
8 10 25 35
8 10 25 40
8 10 25 45
8 10 30 35
8 10 30 40
8 10 30 45
8 10 35 40
8 10 35 45
8 10 40 45
8 15 20 25
8 15 20 30
8 15 20 35
8 15 20 40
8 15 20 45
8 15 25 30
8 15 25 35
8 15 25 40
8 15 25 45
8 15 30 35
8 15 30 40
8 15 30 45
8 15 35 40
8 15 35 45
8 15 40 45
8 20 25 30
8 20 25 35
8 20 25 40
8 20 25 45
8 20 30 35
8 20 30 40
8 20 30 45
8 20 35 40
8 20 35 45
8 20 40 45
8 25 30 35
8 25 30 40
8 25 30 45
8 25 35 40
8 25 35 45
8 25 40 45
8 30 35 40
8 30 35 45
8 30 40 45
8 35 40 45
13 18 23 28
13 18 23 33
13 18 23 38
13 18 23 43
13 18 23 5
13 18 23 10
13 18 23 15
13 18 23 20
13 18 23 25
13 18 23 30
13 18 23 35
13 18 23 40
13 18 23 45
13 18 28 33
13 18 28 38
13 18 28 43
13 18 28 5
13 18 28 10
13 18 28 15
13 18 28 20
13 18 28 25
13 18 28 30
13 18 28 35
13 18 28 40
13 18 28 45
13 18 33 38
13 18 33 43
13 18 33 5
13 18 33 10
13 18 33 15
13 18 33 20
13 18 33 25
13 18 33 30
13 18 33 35
13 18 33 40
13 18 33 45
13 18 38 43
13 18 38 5
13 18 38 10
13 18 38 15
13 18 38 20
13 18 38 25
13 18 38 30
13 18 38 35
13 18 38 40
13 18 38 45
13 18 43 5
13 18 43 10
13 18 43 15
13 18 43 20
13 18 43 25
13 18 43 30
13 18 43 35
13 18 43 40
13 18 43 45
13 18 5 10
13 18 5 15
13 18 5 20
13 18 5 25
13 18 5 30
13 18 5 35
13 18 5 40
13 18 5 45
13 18 10 15
13 18 10 20
13 18 10 25
13 18 10 30
13 18 10 35
13 18 10 40
13 18 10 45
13 18 15 20
13 18 15 25
13 18 15 30
13 18 15 35
13 18 15 40
13 18 15 45
13 18 20 25
13 18 20 30
13 18 20 35
13 18 20 40
13 18 20 45
13 18 25 30
13 18 25 35
13 18 25 40
13 18 25 45
13 18 30 35
13 18 30 40
13 18 30 45
13 18 35 40
13 18 35 45
13 18 40 45
13 23 28 33
13 23 28 38
13 23 28 43
13 23 28 5
13 23 28 10
13 23 28 15
13 23 28 20
13 23 28 25
13 23 28 30
13 23 28 35
13 23 28 40
13 23 28 45
13 23 33 38
13 23 33 43
13 23 33 5
13 23 33 10
13 23 33 15
13 23 33 20
13 23 33 25
13 23 33 30
13 23 33 35
13 23 33 40
13 23 33 45
13 23 38 43
13 23 38 5
13 23 38 10
13 23 38 15
13 23 38 20
13 23 38 25
13 23 38 30
13 23 38 35
13 23 38 40
13 23 38 45
13 23 43 5
13 23 43 10
13 23 43 15
13 23 43 20
13 23 43 25
13 23 43 30
13 23 43 35
13 23 43 40
13 23 43 45
13 23 5 10
13 23 5 15
13 23 5 20
13 23 5 25
13 23 5 30
13 23 5 35
13 23 5 40
13 23 5 45
13 23 10 15
13 23 10 20
13 23 10 25
13 23 10 30
13 23 10 35
13 23 10 40
13 23 10 45
13 23 15 20
13 23 15 25
13 23 15 30
13 23 15 35
13 23 15 40
13 23 15 45
13 23 20 25
13 23 20 30
13 23 20 35
13 23 20 40
13 23 20 45
13 23 25 30
13 23 25 35
13 23 25 40
13 23 25 45
13 23 30 35
13 23 30 40
13 23 30 45
13 23 35 40
13 23 35 45
13 23 40 45
13 28 33 38
13 28 33 43
13 28 33 5
13 28 33 10
13 28 33 15
13 28 33 20
13 28 33 25
13 28 33 30
13 28 33 35
13 28 33 40
13 28 33 45
13 28 38 43
13 28 38 5
13 28 38 10
13 28 38 15
13 28 38 20
13 28 38 25
13 28 38 30
13 28 38 35
13 28 38 40
13 28 38 45
13 28 43 5
13 28 43 10
13 28 43 15
13 28 43 20
13 28 43 25
13 28 43 30
13 28 43 35
13 28 43 40
13 28 43 45
13 28 5 10
13 28 5 15
13 28 5 20
13 28 5 25
13 28 5 30
13 28 5 35
13 28 5 40
13 28 5 45
13 28 10 15
13 28 10 20
13 28 10 25
13 28 10 30
13 28 10 35
13 28 10 40
13 28 10 45
13 28 15 20
13 28 15 25
13 28 15 30
13 28 15 35
13 28 15 40
13 28 15 45
13 28 20 25
13 28 20 30
13 28 20 35
13 28 20 40
13 28 20 45
13 28 25 30
13 28 25 35
13 28 25 40
13 28 25 45
13 28 30 35
13 28 30 40
13 28 30 45
13 28 35 40
13 28 35 45
13 28 40 45
13 33 38 43
13 33 38 5
13 33 38 10
13 33 38 15
13 33 38 20
13 33 38 25
13 33 38 30
13 33 38 35
13 33 38 40
13 33 38 45
13 33 43 5
13 33 43 10
13 33 43 15
13 33 43 20
13 33 43 25
13 33 43 30
13 33 43 35
13 33 43 40
13 33 43 45
13 33 5 10
13 33 5 15
13 33 5 20
13 33 5 25
13 33 5 30
13 33 5 35
13 33 5 40
13 33 5 45
13 33 10 15
13 33 10 20
13 33 10 25
13 33 10 30
13 33 10 35
13 33 10 40
13 33 10 45
13 33 15 20
13 33 15 25
13 33 15 30
13 33 15 35
13 33 15 40
13 33 15 45
13 33 20 25
13 33 20 30
13 33 20 35
13 33 20 40
13 33 20 45
13 33 25 30
13 33 25 35
13 33 25 40
13 33 25 45
13 33 30 35
13 33 30 40
13 33 30 45
13 33 35 40
13 33 35 45
13 33 40 45
13 38 43 5
13 38 43 10
13 38 43 15
13 38 43 20
13 38 43 25
13 38 43 30
13 38 43 35
13 38 43 40
13 38 43 45
13 38 5 10
13 38 5 15
13 38 5 20
13 38 5 25
13 38 5 30
13 38 5 35
13 38 5 40
13 38 5 45
13 38 10 15
13 38 10 20
13 38 10 25
13 38 10 30
13 38 10 35
13 38 10 40
13 38 10 45
13 38 15 20
13 38 15 25
13 38 15 30
13 38 15 35
13 38 15 40
13 38 15 45
13 38 20 25
13 38 20 30
13 38 20 35
13 38 20 40
13 38 20 45
13 38 25 30
13 38 25 35
13 38 25 40
13 38 25 45
13 38 30 35
13 38 30 40
13 38 30 45
13 38 35 40
13 38 35 45
13 38 40 45
13 43 5 10
13 43 5 15
13 43 5 20
13 43 5 25
13 43 5 30
13 43 5 35
13 43 5 40
13 43 5 45
13 43 10 15
13 43 10 20
13 43 10 25
13 43 10 30
13 43 10 35
13 43 10 40
13 43 10 45
13 43 15 20
13 43 15 25
13 43 15 30
13 43 15 35
13 43 15 40
13 43 15 45
13 43 20 25
13 43 20 30
13 43 20 35
13 43 20 40
13 43 20 45
13 43 25 30
13 43 25 35
13 43 25 40
13 43 25 45
13 43 30 35
13 43 30 40
13 43 30 45
13 43 35 40
13 43 35 45
13 43 40 45
13 5 10 15
13 5 10 20
13 5 10 25
13 5 10 30
13 5 10 35
13 5 10 40
13 5 10 45
13 5 15 20
13 5 15 25
13 5 15 30
13 5 15 35
13 5 15 40
13 5 15 45
13 5 20 25
13 5 20 30
13 5 20 35
13 5 20 40
13 5 20 45
13 5 25 30
13 5 25 35
13 5 25 40
13 5 25 45
13 5 30 35
13 5 30 40
13 5 30 45
13 5 35 40
13 5 35 45
13 5 40 45
13 10 15 20
13 10 15 25
13 10 15 30
13 10 15 35
13 10 15 40
13 10 15 45
13 10 20 25
13 10 20 30
13 10 20 35
13 10 20 40
13 10 20 45
13 10 25 30
13 10 25 35
13 10 25 40
13 10 25 45
13 10 30 35
13 10 30 40
13 10 30 45
13 10 35 40
13 10 35 45
13 10 40 45
13 15 20 25
13 15 20 30
13 15 20 35
13 15 20 40
13 15 20 45
13 15 25 30
13 15 25 35
13 15 25 40
13 15 25 45
13 15 30 35
13 15 30 40
13 15 30 45
13 15 35 40
13 15 35 45
13 15 40 45
13 20 25 30
13 20 25 35
13 20 25 40
13 20 25 45
13 20 30 35
13 20 30 40
13 20 30 45
13 20 35 40
13 20 35 45
13 20 40 45
13 25 30 35
13 25 30 40
13 25 30 45
13 25 35 40
13 25 35 45
13 25 40 45
13 30 35 40
13 30 35 45
13 30 40 45
13 35 40 45
18 23 28 33
18 23 28 38
18 23 28 43
18 23 28 5
18 23 28 10
18 23 28 15
18 23 28 20
18 23 28 25
18 23 28 30
18 23 28 35
18 23 28 40
18 23 28 45
18 23 33 38
18 23 33 43
18 23 33 5
18 23 33 10
18 23 33 15
18 23 33 20
18 23 33 25
18 23 33 30
18 23 33 35
18 23 33 40
18 23 33 45
18 23 38 43
18 23 38 5
18 23 38 10
18 23 38 15
18 23 38 20
18 23 38 25
18 23 38 30
18 23 38 35
18 23 38 40
18 23 38 45
18 23 43 5
18 23 43 10
18 23 43 15
18 23 43 20
18 23 43 25
18 23 43 30
18 23 43 35
18 23 43 40
18 23 43 45
18 23 5 10
18 23 5 15
18 23 5 20
18 23 5 25
18 23 5 30
18 23 5 35
18 23 5 40
18 23 5 45
18 23 10 15
18 23 10 20
18 23 10 25
18 23 10 30
18 23 10 35
18 23 10 40
18 23 10 45
18 23 15 20
18 23 15 25
18 23 15 30
18 23 15 35
18 23 15 40
18 23 15 45
18 23 20 25
18 23 20 30
18 23 20 35
18 23 20 40
18 23 20 45
18 23 25 30
18 23 25 35
18 23 25 40
18 23 25 45
18 23 30 35
18 23 30 40
18 23 30 45
18 23 35 40
18 23 35 45
18 23 40 45
18 28 33 38
18 28 33 43
18 28 33 5
18 28 33 10
18 28 33 15
18 28 33 20
18 28 33 25
18 28 33 30
18 28 33 35
18 28 33 40
18 28 33 45
18 28 38 43
18 28 38 5
18 28 38 10
18 28 38 15
18 28 38 20
18 28 38 25
18 28 38 30
18 28 38 35
18 28 38 40
18 28 38 45
18 28 43 5
18 28 43 10
18 28 43 15
18 28 43 20
18 28 43 25
18 28 43 30
18 28 43 35
18 28 43 40
18 28 43 45
18 28 5 10
18 28 5 15
18 28 5 20
18 28 5 25
18 28 5 30
18 28 5 35
18 28 5 40
18 28 5 45
18 28 10 15
18 28 10 20
18 28 10 25
18 28 10 30
18 28 10 35
18 28 10 40
18 28 10 45
18 28 15 20
18 28 15 25
18 28 15 30
18 28 15 35
18 28 15 40
18 28 15 45
18 28 20 25
18 28 20 30
18 28 20 35
18 28 20 40
18 28 20 45
18 28 25 30
18 28 25 35
18 28 25 40
18 28 25 45
18 28 30 35
18 28 30 40
18 28 30 45
18 28 35 40
18 28 35 45
18 28 40 45
18 33 38 43
18 33 38 5
18 33 38 10
18 33 38 15
18 33 38 20
18 33 38 25
18 33 38 30
18 33 38 35
18 33 38 40
18 33 38 45
18 33 43 5
18 33 43 10
18 33 43 15
18 33 43 20
18 33 43 25
18 33 43 30
18 33 43 35
18 33 43 40
18 33 43 45
18 33 5 10
18 33 5 15
18 33 5 20
18 33 5 25
18 33 5 30
18 33 5 35
18 33 5 40
18 33 5 45
18 33 10 15
18 33 10 20
18 33 10 25
18 33 10 30
18 33 10 35
18 33 10 40
18 33 10 45
18 33 15 20
18 33 15 25
18 33 15 30
18 33 15 35
18 33 15 40
18 33 15 45
18 33 20 25
18 33 20 30
18 33 20 35
18 33 20 40
18 33 20 45
18 33 25 30
18 33 25 35
18 33 25 40
18 33 25 45
18 33 30 35
18 33 30 40
18 33 30 45
18 33 35 40
18 33 35 45
18 33 40 45
18 38 43 5
18 38 43 10
18 38 43 15
18 38 43 20
18 38 43 25
18 38 43 30
18 38 43 35
18 38 43 40
18 38 43 45
18 38 5 10
18 38 5 15
18 38 5 20
18 38 5 25
18 38 5 30
18 38 5 35
18 38 5 40
18 38 5 45
18 38 10 15
18 38 10 20
18 38 10 25
18 38 10 30
18 38 10 35
18 38 10 40
18 38 10 45
18 38 15 20
18 38 15 25
18 38 15 30
18 38 15 35
18 38 15 40
18 38 15 45
18 38 20 25
18 38 20 30
18 38 20 35
18 38 20 40
18 38 20 45
18 38 25 30
18 38 25 35
18 38 25 40
18 38 25 45
18 38 30 35
18 38 30 40
18 38 30 45
18 38 35 40
18 38 35 45
18 38 40 45
18 43 5 10
18 43 5 15
18 43 5 20
18 43 5 25
18 43 5 30
18 43 5 35
18 43 5 40
18 43 5 45
18 43 10 15
18 43 10 20
18 43 10 25
18 43 10 30
18 43 10 35
18 43 10 40
18 43 10 45
18 43 15 20
18 43 15 25
18 43 15 30
18 43 15 35
18 43 15 40
18 43 15 45
18 43 20 25
18 43 20 30
18 43 20 35
18 43 20 40
18 43 20 45
18 43 25 30
18 43 25 35
18 43 25 40
18 43 25 45
18 43 30 35
18 43 30 40
18 43 30 45
18 43 35 40
18 43 35 45
18 43 40 45
18 5 10 15
18 5 10 20
18 5 10 25
18 5 10 30
18 5 10 35
18 5 10 40
18 5 10 45
18 5 15 20
18 5 15 25
18 5 15 30
18 5 15 35
18 5 15 40
18 5 15 45
18 5 20 25
18 5 20 30
18 5 20 35
18 5 20 40
18 5 20 45
18 5 25 30
18 5 25 35
18 5 25 40
18 5 25 45
18 5 30 35
18 5 30 40
18 5 30 45
18 5 35 40
18 5 35 45
18 5 40 45
18 10 15 20
18 10 15 25
18 10 15 30
18 10 15 35
18 10 15 40
18 10 15 45
18 10 20 25
18 10 20 30
18 10 20 35
18 10 20 40
18 10 20 45
18 10 25 30
18 10 25 35
18 10 25 40
18 10 25 45
18 10 30 35
18 10 30 40
18 10 30 45
18 10 35 40
18 10 35 45
18 10 40 45
18 15 20 25
18 15 20 30
18 15 20 35
18 15 20 40
18 15 20 45
18 15 25 30
18 15 25 35
18 15 25 40
18 15 25 45
18 15 30 35
18 15 30 40
18 15 30 45
18 15 35 40
18 15 35 45
18 15 40 45
18 20 25 30
18 20 25 35
18 20 25 40
18 20 25 45
18 20 30 35
18 20 30 40
18 20 30 45
18 20 35 40
18 20 35 45
18 20 40 45
18 25 30 35
18 25 30 40
18 25 30 45
18 25 35 40
18 25 35 45
18 25 40 45
18 30 35 40
18 30 35 45
18 30 40 45
18 35 40 45
23 28 33 38
23 28 33 43
23 28 33 5
23 28 33 10
23 28 33 15
23 28 33 20
23 28 33 25
23 28 33 30
23 28 33 35
23 28 33 40
23 28 33 45
23 28 38 43
23 28 38 5
23 28 38 10
23 28 38 15
23 28 38 20
23 28 38 25
23 28 38 30
23 28 38 35
23 28 38 40
23 28 38 45
23 28 43 5
23 28 43 10
23 28 43 15
23 28 43 20
23 28 43 25
23 28 43 30
23 28 43 35
23 28 43 40
23 28 43 45
23 28 5 10
23 28 5 15
23 28 5 20
23 28 5 25
23 28 5 30
23 28 5 35
23 28 5 40
23 28 5 45
23 28 10 15
23 28 10 20
23 28 10 25
23 28 10 30
23 28 10 35
23 28 10 40
23 28 10 45
23 28 15 20
23 28 15 25
23 28 15 30
23 28 15 35
23 28 15 40
23 28 15 45
23 28 20 25
23 28 20 30
23 28 20 35
23 28 20 40
23 28 20 45
23 28 25 30
23 28 25 35
23 28 25 40
23 28 25 45
23 28 30 35
23 28 30 40
23 28 30 45
23 28 35 40
23 28 35 45
23 28 40 45
23 33 38 43
23 33 38 5
23 33 38 10
23 33 38 15
23 33 38 20
23 33 38 25
23 33 38 30
23 33 38 35
23 33 38 40
23 33 38 45
23 33 43 5
23 33 43 10
23 33 43 15
23 33 43 20
23 33 43 25
23 33 43 30
23 33 43 35
23 33 43 40
23 33 43 45
23 33 5 10
23 33 5 15
23 33 5 20
23 33 5 25
23 33 5 30
23 33 5 35
23 33 5 40
23 33 5 45
23 33 10 15
23 33 10 20
23 33 10 25
23 33 10 30
23 33 10 35
23 33 10 40
23 33 10 45
23 33 15 20
23 33 15 25
23 33 15 30
23 33 15 35
23 33 15 40
23 33 15 45
23 33 20 25
23 33 20 30
23 33 20 35
23 33 20 40
23 33 20 45
23 33 25 30
23 33 25 35
23 33 25 40
23 33 25 45
23 33 30 35
23 33 30 40
23 33 30 45
23 33 35 40
23 33 35 45
23 33 40 45
23 38 43 5
23 38 43 10
23 38 43 15
23 38 43 20
23 38 43 25
23 38 43 30
23 38 43 35
23 38 43 40
23 38 43 45
23 38 5 10
23 38 5 15
23 38 5 20
23 38 5 25
23 38 5 30
23 38 5 35
23 38 5 40
23 38 5 45
23 38 10 15
23 38 10 20
23 38 10 25
23 38 10 30
23 38 10 35
23 38 10 40
23 38 10 45
23 38 15 20
23 38 15 25
23 38 15 30
23 38 15 35
23 38 15 40
23 38 15 45
23 38 20 25
23 38 20 30
23 38 20 35
23 38 20 40
23 38 20 45
23 38 25 30
23 38 25 35
23 38 25 40
23 38 25 45
23 38 30 35
23 38 30 40
23 38 30 45
23 38 35 40
23 38 35 45
23 38 40 45
23 43 5 10
23 43 5 15
23 43 5 20
23 43 5 25
23 43 5 30
23 43 5 35
23 43 5 40
23 43 5 45
23 43 10 15
23 43 10 20
23 43 10 25
23 43 10 30
23 43 10 35
23 43 10 40
23 43 10 45
23 43 15 20
23 43 15 25
23 43 15 30
23 43 15 35
23 43 15 40
23 43 15 45
23 43 20 25
23 43 20 30
23 43 20 35
23 43 20 40
23 43 20 45
23 43 25 30
23 43 25 35
23 43 25 40
23 43 25 45
23 43 30 35
23 43 30 40
23 43 30 45
23 43 35 40
23 43 35 45
23 43 40 45
23 5 10 15
23 5 10 20
23 5 10 25
23 5 10 30
23 5 10 35
23 5 10 40
23 5 10 45
23 5 15 20
23 5 15 25
23 5 15 30
23 5 15 35
23 5 15 40
23 5 15 45
23 5 20 25
23 5 20 30
23 5 20 35
23 5 20 40
23 5 20 45
23 5 25 30
23 5 25 35
23 5 25 40
23 5 25 45
23 5 30 35
23 5 30 40
23 5 30 45
23 5 35 40
23 5 35 45
23 5 40 45
23 10 15 20
23 10 15 25
23 10 15 30
23 10 15 35
23 10 15 40
23 10 15 45
23 10 20 25
23 10 20 30
23 10 20 35
23 10 20 40
23 10 20 45
23 10 25 30
23 10 25 35
23 10 25 40
23 10 25 45
23 10 30 35
23 10 30 40
23 10 30 45
23 10 35 40
23 10 35 45
23 10 40 45
23 15 20 25
23 15 20 30
23 15 20 35
23 15 20 40
23 15 20 45
23 15 25 30
23 15 25 35
23 15 25 40
23 15 25 45
23 15 30 35
23 15 30 40
23 15 30 45
23 15 35 40
23 15 35 45
23 15 40 45
23 20 25 30
23 20 25 35
23 20 25 40
23 20 25 45
23 20 30 35
23 20 30 40
23 20 30 45
23 20 35 40
23 20 35 45
23 20 40 45
23 25 30 35
23 25 30 40
23 25 30 45
23 25 35 40
23 25 35 45
23 25 40 45
23 30 35 40
23 30 35 45
23 30 40 45
23 35 40 45
28 33 38 43
28 33 38 5
28 33 38 10
28 33 38 15
28 33 38 20
28 33 38 25
28 33 38 30
28 33 38 35
28 33 38 40
28 33 38 45
28 33 43 5
28 33 43 10
28 33 43 15
28 33 43 20
28 33 43 25
28 33 43 30
28 33 43 35
28 33 43 40
28 33 43 45
28 33 5 10
28 33 5 15
28 33 5 20
28 33 5 25
28 33 5 30
28 33 5 35
28 33 5 40
28 33 5 45
28 33 10 15
28 33 10 20
28 33 10 25
28 33 10 30
28 33 10 35
28 33 10 40
28 33 10 45
28 33 15 20
28 33 15 25
28 33 15 30
28 33 15 35
28 33 15 40
28 33 15 45
28 33 20 25
28 33 20 30
28 33 20 35
28 33 20 40
28 33 20 45
28 33 25 30
28 33 25 35
28 33 25 40
28 33 25 45
28 33 30 35
28 33 30 40
28 33 30 45
28 33 35 40
28 33 35 45
28 33 40 45
28 38 43 5
28 38 43 10
28 38 43 15
28 38 43 20
28 38 43 25
28 38 43 30
28 38 43 35
28 38 43 40
28 38 43 45
28 38 5 10
28 38 5 15
28 38 5 20
28 38 5 25
28 38 5 30
28 38 5 35
28 38 5 40
28 38 5 45
28 38 10 15
28 38 10 20
28 38 10 25
28 38 10 30
28 38 10 35
28 38 10 40
28 38 10 45
28 38 15 20
28 38 15 25
28 38 15 30
28 38 15 35
28 38 15 40
28 38 15 45
28 38 20 25
28 38 20 30
28 38 20 35
28 38 20 40
28 38 20 45
28 38 25 30
28 38 25 35
28 38 25 40
28 38 25 45
28 38 30 35
28 38 30 40
28 38 30 45
28 38 35 40
28 38 35 45
28 38 40 45
28 43 5 10
28 43 5 15
28 43 5 20
28 43 5 25
28 43 5 30
28 43 5 35
28 43 5 40
28 43 5 45
28 43 10 15
28 43 10 20
28 43 10 25
28 43 10 30
28 43 10 35
28 43 10 40
28 43 10 45
28 43 15 20
28 43 15 25
28 43 15 30
28 43 15 35
28 43 15 40
28 43 15 45
28 43 20 25
28 43 20 30
28 43 20 35
28 43 20 40
28 43 20 45
28 43 25 30
28 43 25 35
28 43 25 40
28 43 25 45
28 43 30 35
28 43 30 40
28 43 30 45
28 43 35 40
28 43 35 45
28 43 40 45
28 5 10 15
28 5 10 20
28 5 10 25
28 5 10 30
28 5 10 35
28 5 10 40
28 5 10 45
28 5 15 20
28 5 15 25
28 5 15 30
28 5 15 35
28 5 15 40
28 5 15 45
28 5 20 25
28 5 20 30
28 5 20 35
28 5 20 40
28 5 20 45
28 5 25 30
28 5 25 35
28 5 25 40
28 5 25 45
28 5 30 35
28 5 30 40
28 5 30 45
28 5 35 40
28 5 35 45
28 5 40 45
28 10 15 20
28 10 15 25
28 10 15 30
28 10 15 35
28 10 15 40
28 10 15 45
28 10 20 25
28 10 20 30
28 10 20 35
28 10 20 40
28 10 20 45
28 10 25 30
28 10 25 35
28 10 25 40
28 10 25 45
28 10 30 35
28 10 30 40
28 10 30 45
28 10 35 40
28 10 35 45
28 10 40 45
28 15 20 25
28 15 20 30
28 15 20 35
28 15 20 40
28 15 20 45
28 15 25 30
28 15 25 35
28 15 25 40
28 15 25 45
28 15 30 35
28 15 30 40
28 15 30 45
28 15 35 40
28 15 35 45
28 15 40 45
28 20 25 30
28 20 25 35
28 20 25 40
28 20 25 45
28 20 30 35
28 20 30 40
28 20 30 45
28 20 35 40
28 20 35 45
28 20 40 45
28 25 30 35
28 25 30 40
28 25 30 45
28 25 35 40
28 25 35 45
28 25 40 45
28 30 35 40
28 30 35 45
28 30 40 45
28 35 40 45
33 38 43 5
33 38 43 10
33 38 43 15
33 38 43 20
33 38 43 25
33 38 43 30
33 38 43 35
33 38 43 40
33 38 43 45
33 38 5 10
33 38 5 15
33 38 5 20
33 38 5 25
33 38 5 30
33 38 5 35
33 38 5 40
33 38 5 45
33 38 10 15
33 38 10 20
33 38 10 25
33 38 10 30
33 38 10 35
33 38 10 40
33 38 10 45
33 38 15 20
33 38 15 25
33 38 15 30
33 38 15 35
33 38 15 40
33 38 15 45
33 38 20 25
33 38 20 30
33 38 20 35
33 38 20 40
33 38 20 45
33 38 25 30
33 38 25 35
33 38 25 40
33 38 25 45
33 38 30 35
33 38 30 40
33 38 30 45
33 38 35 40
33 38 35 45
33 38 40 45
33 43 5 10
33 43 5 15
33 43 5 20
33 43 5 25
33 43 5 30
33 43 5 35
33 43 5 40
33 43 5 45
33 43 10 15
33 43 10 20
33 43 10 25
33 43 10 30
33 43 10 35
33 43 10 40
33 43 10 45
33 43 15 20
33 43 15 25
33 43 15 30
33 43 15 35
33 43 15 40
33 43 15 45
33 43 20 25
33 43 20 30
33 43 20 35
33 43 20 40
33 43 20 45
33 43 25 30
33 43 25 35
33 43 25 40
33 43 25 45
33 43 30 35
33 43 30 40
33 43 30 45
33 43 35 40
33 43 35 45
33 43 40 45
33 5 10 15
33 5 10 20
33 5 10 25
33 5 10 30
33 5 10 35
33 5 10 40
33 5 10 45
33 5 15 20
33 5 15 25
33 5 15 30
33 5 15 35
33 5 15 40
33 5 15 45
33 5 20 25
33 5 20 30
33 5 20 35
33 5 20 40
33 5 20 45
33 5 25 30
33 5 25 35
33 5 25 40
33 5 25 45
33 5 30 35
33 5 30 40
33 5 30 45
33 5 35 40
33 5 35 45
33 5 40 45
33 10 15 20
33 10 15 25
33 10 15 30
33 10 15 35
33 10 15 40
33 10 15 45
33 10 20 25
33 10 20 30
33 10 20 35
33 10 20 40
33 10 20 45
33 10 25 30
33 10 25 35
33 10 25 40
33 10 25 45
33 10 30 35
33 10 30 40
33 10 30 45
33 10 35 40
33 10 35 45
33 10 40 45
33 15 20 25
33 15 20 30
33 15 20 35
33 15 20 40
33 15 20 45
33 15 25 30
33 15 25 35
33 15 25 40
33 15 25 45
33 15 30 35
33 15 30 40
33 15 30 45
33 15 35 40
33 15 35 45
33 15 40 45
33 20 25 30
33 20 25 35
33 20 25 40
33 20 25 45
33 20 30 35
33 20 30 40
33 20 30 45
33 20 35 40
33 20 35 45
33 20 40 45
33 25 30 35
33 25 30 40
33 25 30 45
33 25 35 40
33 25 35 45
33 25 40 45
33 30 35 40
33 30 35 45
33 30 40 45
33 35 40 45
38 43 5 10
38 43 5 15
38 43 5 20
38 43 5 25
38 43 5 30
38 43 5 35
38 43 5 40
38 43 5 45
38 43 10 15
38 43 10 20
38 43 10 25
38 43 10 30
38 43 10 35
38 43 10 40
38 43 10 45
38 43 15 20
38 43 15 25
38 43 15 30
38 43 15 35
38 43 15 40
38 43 15 45
38 43 20 25
38 43 20 30
38 43 20 35
38 43 20 40
38 43 20 45
38 43 25 30
38 43 25 35
38 43 25 40
38 43 25 45
38 43 30 35
38 43 30 40
38 43 30 45
38 43 35 40
38 43 35 45
38 43 40 45
38 5 10 15
38 5 10 20
38 5 10 25
38 5 10 30
38 5 10 35
38 5 10 40
38 5 10 45
38 5 15 20
38 5 15 25
38 5 15 30
38 5 15 35
38 5 15 40
38 5 15 45
38 5 20 25
38 5 20 30
38 5 20 35
38 5 20 40
38 5 20 45
38 5 25 30
38 5 25 35
38 5 25 40
38 5 25 45
38 5 30 35
38 5 30 40
38 5 30 45
38 5 35 40
38 5 35 45
38 5 40 45
38 10 15 20
38 10 15 25
38 10 15 30
38 10 15 35
38 10 15 40
38 10 15 45
38 10 20 25
38 10 20 30
38 10 20 35
38 10 20 40
38 10 20 45
38 10 25 30
38 10 25 35
38 10 25 40
38 10 25 45
38 10 30 35
38 10 30 40
38 10 30 45
38 10 35 40
38 10 35 45
38 10 40 45
38 15 20 25
38 15 20 30
38 15 20 35
38 15 20 40
38 15 20 45
38 15 25 30
38 15 25 35
38 15 25 40
38 15 25 45
38 15 30 35
38 15 30 40
38 15 30 45
38 15 35 40
38 15 35 45
38 15 40 45
38 20 25 30
38 20 25 35
38 20 25 40
38 20 25 45
38 20 30 35
38 20 30 40
38 20 30 45
38 20 35 40
38 20 35 45
38 20 40 45
38 25 30 35
38 25 30 40
38 25 30 45
38 25 35 40
38 25 35 45
38 25 40 45
38 30 35 40
38 30 35 45
38 30 40 45
38 35 40 45
43 5 10 15
43 5 10 20
43 5 10 25
43 5 10 30
43 5 10 35
43 5 10 40
43 5 10 45
43 5 15 20
43 5 15 25
43 5 15 30
43 5 15 35
43 5 15 40
43 5 15 45
43 5 20 25
43 5 20 30
43 5 20 35
43 5 20 40
43 5 20 45
43 5 25 30
43 5 25 35
43 5 25 40
43 5 25 45
43 5 30 35
43 5 30 40
43 5 30 45
43 5 35 40
43 5 35 45
43 5 40 45
43 10 15 20
43 10 15 25
43 10 15 30
43 10 15 35
43 10 15 40
43 10 15 45
43 10 20 25
43 10 20 30
43 10 20 35
43 10 20 40
43 10 20 45
43 10 25 30
43 10 25 35
43 10 25 40
43 10 25 45
43 10 30 35
43 10 30 40
43 10 30 45
43 10 35 40
43 10 35 45
43 10 40 45
43 15 20 25
43 15 20 30
43 15 20 35
43 15 20 40
43 15 20 45
43 15 25 30
43 15 25 35
43 15 25 40
43 15 25 45
43 15 30 35
43 15 30 40
43 15 30 45
43 15 35 40
43 15 35 45
43 15 40 45
43 20 25 30
43 20 25 35
43 20 25 40
43 20 25 45
43 20 30 35
43 20 30 40
43 20 30 45
43 20 35 40
43 20 35 45
43 20 40 45
43 25 30 35
43 25 30 40
43 25 30 45
43 25 35 40
43 25 35 45
43 25 40 45
43 30 35 40
43 30 35 45
43 30 40 45
43 35 40 45
5 10 15 20
5 10 15 25
5 10 15 30
5 10 15 35
5 10 15 40
5 10 15 45
5 10 20 25
5 10 20 30
5 10 20 35
5 10 20 40
5 10 20 45
5 10 25 30
5 10 25 35
5 10 25 40
5 10 25 45
5 10 30 35
5 10 30 40
5 10 30 45
5 10 35 40
5 10 35 45
5 10 40 45
5 15 20 25
5 15 20 30
5 15 20 35
5 15 20 40
5 15 20 45
5 15 25 30
5 15 25 35
5 15 25 40
5 15 25 45
5 15 30 35
5 15 30 40
5 15 30 45
5 15 35 40
5 15 35 45
5 15 40 45
5 20 25 30
5 20 25 35
5 20 25 40
5 20 25 45
5 20 30 35
5 20 30 40
5 20 30 45
5 20 35 40
5 20 35 45
5 20 40 45
5 25 30 35
5 25 30 40
5 25 30 45
5 25 35 40
5 25 35 45
5 25 40 45
5 30 35 40
5 30 35 45
5 30 40 45
5 35 40 45
10 15 20 25
10 15 20 30
10 15 20 35
10 15 20 40
10 15 20 45
10 15 25 30
10 15 25 35
10 15 25 40
10 15 25 45
10 15 30 35
10 15 30 40
10 15 30 45
10 15 35 40
10 15 35 45
10 15 40 45
10 20 25 30
10 20 25 35
10 20 25 40
10 20 25 45
10 20 30 35
10 20 30 40
10 20 30 45
10 20 35 40
10 20 35 45
10 20 40 45
10 25 30 35
10 25 30 40
10 25 30 45
10 25 35 40
10 25 35 45
10 25 40 45
10 30 35 40
10 30 35 45
10 30 40 45
10 35 40 45
15 20 25 30
15 20 25 35
15 20 25 40
15 20 25 45
15 20 30 35
15 20 30 40
15 20 30 45
15 20 35 40
15 20 35 45
15 20 40 45
15 25 30 35
15 25 30 40
15 25 30 45
15 25 35 40
15 25 35 45
15 25 40 45
15 30 35 40
15 30 35 45
15 30 40 45
15 35 40 45
20 25 30 35
20 25 30 40
20 25 30 45
20 25 35 40
20 25 35 45
20 25 40 45
20 30 35 40
20 30 35 45
20 30 40 45
20 35 40 45
25 30 35 40
25 30 35 45
25 30 40 45
25 35 40 45
30 35 40 45
