4 9 14 19
4 9 14 24
4 9 14 29
4 9 14 34
4 9 14 39
4 9 14 44
4 9 14 5
4 9 14 10
4 9 14 15
4 9 14 20
4 9 14 25
4 9 14 30
4 9 14 35
4 9 14 40
4 9 14 45
4 9 19 24
4 9 19 29
4 9 19 34
4 9 19 39
4 9 19 44
4 9 19 5
4 9 19 10
4 9 19 15
4 9 19 20
4 9 19 25
4 9 19 30
4 9 19 35
4 9 19 40
4 9 19 45
4 9 24 29
4 9 24 34
4 9 24 39
4 9 24 44
4 9 24 5
4 9 24 10
4 9 24 15
4 9 24 20
4 9 24 25
4 9 24 30
4 9 24 35
4 9 24 40
4 9 24 45
4 9 29 34
4 9 29 39
4 9 29 44
4 9 29 5
4 9 29 10
4 9 29 15
4 9 29 20
4 9 29 25
4 9 29 30
4 9 29 35
4 9 29 40
4 9 29 45
4 9 34 39
4 9 34 44
4 9 34 5
4 9 34 10
4 9 34 15
4 9 34 20
4 9 34 25
4 9 34 30
4 9 34 35
4 9 34 40
4 9 34 45
4 9 39 44
4 9 39 5
4 9 39 10
4 9 39 15
4 9 39 20
4 9 39 25
4 9 39 30
4 9 39 35
4 9 39 40
4 9 39 45
4 9 44 5
4 9 44 10
4 9 44 15
4 9 44 20
4 9 44 25
4 9 44 30
4 9 44 35
4 9 44 40
4 9 44 45
4 9 5 10
4 9 5 15
4 9 5 20
4 9 5 25
4 9 5 30
4 9 5 35
4 9 5 40
4 9 5 45
4 9 10 15
4 9 10 20
4 9 10 25
4 9 10 30
4 9 10 35
4 9 10 40
4 9 10 45
4 9 15 20
4 9 15 25
4 9 15 30
4 9 15 35
4 9 15 40
4 9 15 45
4 9 20 25
4 9 20 30
4 9 20 35
4 9 20 40
4 9 20 45
4 9 25 30
4 9 25 35
4 9 25 40
4 9 25 45
4 9 30 35
4 9 30 40
4 9 30 45
4 9 35 40
4 9 35 45
4 9 40 45
4 14 19 24
4 14 19 29
4 14 19 34
4 14 19 39
4 14 19 44
4 14 19 5
4 14 19 10
4 14 19 15
4 14 19 20
4 14 19 25
4 14 19 30
4 14 19 35
4 14 19 40
4 14 19 45
4 14 24 29
4 14 24 34
4 14 24 39
4 14 24 44
4 14 24 5
4 14 24 10
4 14 24 15
4 14 24 20
4 14 24 25
4 14 24 30
4 14 24 35
4 14 24 40
4 14 24 45
4 14 29 34
4 14 29 39
4 14 29 44
4 14 29 5
4 14 29 10
4 14 29 15
4 14 29 20
4 14 29 25
4 14 29 30
4 14 29 35
4 14 29 40
4 14 29 45
4 14 34 39
4 14 34 44
4 14 34 5
4 14 34 10
4 14 34 15
4 14 34 20
4 14 34 25
4 14 34 30
4 14 34 35
4 14 34 40
4 14 34 45
4 14 39 44
4 14 39 5
4 14 39 10
4 14 39 15
4 14 39 20
4 14 39 25
4 14 39 30
4 14 39 35
4 14 39 40
4 14 39 45
4 14 44 5
4 14 44 10
4 14 44 15
4 14 44 20
4 14 44 25
4 14 44 30
4 14 44 35
4 14 44 40
4 14 44 45
4 14 5 10
4 14 5 15
4 14 5 20
4 14 5 25
4 14 5 30
4 14 5 35
4 14 5 40
4 14 5 45
4 14 10 15
4 14 10 20
4 14 10 25
4 14 10 30
4 14 10 35
4 14 10 40
4 14 10 45
4 14 15 20
4 14 15 25
4 14 15 30
4 14 15 35
4 14 15 40
4 14 15 45
4 14 20 25
4 14 20 30
4 14 20 35
4 14 20 40
4 14 20 45
4 14 25 30
4 14 25 35
4 14 25 40
4 14 25 45
4 14 30 35
4 14 30 40
4 14 30 45
4 14 35 40
4 14 35 45
4 14 40 45
4 19 24 29
4 19 24 34
4 19 24 39
4 19 24 44
4 19 24 5
4 19 24 10
4 19 24 15
4 19 24 20
4 19 24 25
4 19 24 30
4 19 24 35
4 19 24 40
4 19 24 45
4 19 29 34
4 19 29 39
4 19 29 44
4 19 29 5
4 19 29 10
4 19 29 15
4 19 29 20
4 19 29 25
4 19 29 30
4 19 29 35
4 19 29 40
4 19 29 45
4 19 34 39
4 19 34 44
4 19 34 5
4 19 34 10
4 19 34 15
4 19 34 20
4 19 34 25
4 19 34 30
4 19 34 35
4 19 34 40
4 19 34 45
4 19 39 44
4 19 39 5
4 19 39 10
4 19 39 15
4 19 39 20
4 19 39 25
4 19 39 30
4 19 39 35
4 19 39 40
4 19 39 45
4 19 44 5
4 19 44 10
4 19 44 15
4 19 44 20
4 19 44 25
4 19 44 30
4 19 44 35
4 19 44 40
4 19 44 45
4 19 5 10
4 19 5 15
4 19 5 20
4 19 5 25
4 19 5 30
4 19 5 35
4 19 5 40
4 19 5 45
4 19 10 15
4 19 10 20
4 19 10 25
4 19 10 30
4 19 10 35
4 19 10 40
4 19 10 45
4 19 15 20
4 19 15 25
4 19 15 30
4 19 15 35
4 19 15 40
4 19 15 45
4 19 20 25
4 19 20 30
4 19 20 35
4 19 20 40
4 19 20 45
4 19 25 30
4 19 25 35
4 19 25 40
4 19 25 45
4 19 30 35
4 19 30 40
4 19 30 45
4 19 35 40
4 19 35 45
4 19 40 45
4 24 29 34
4 24 29 39
4 24 29 44
4 24 29 5
4 24 29 10
4 24 29 15
4 24 29 20
4 24 29 25
4 24 29 30
4 24 29 35
4 24 29 40
4 24 29 45
4 24 34 39
4 24 34 44
4 24 34 5
4 24 34 10
4 24 34 15
4 24 34 20
4 24 34 25
4 24 34 30
4 24 34 35
4 24 34 40
4 24 34 45
4 24 39 44
4 24 39 5
4 24 39 10
4 24 39 15
4 24 39 20
4 24 39 25
4 24 39 30
4 24 39 35
4 24 39 40
4 24 39 45
4 24 44 5
4 24 44 10
4 24 44 15
4 24 44 20
4 24 44 25
4 24 44 30
4 24 44 35
4 24 44 40
4 24 44 45
4 24 5 10
4 24 5 15
4 24 5 20
4 24 5 25
4 24 5 30
4 24 5 35
4 24 5 40
4 24 5 45
4 24 10 15
4 24 10 20
4 24 10 25
4 24 10 30
4 24 10 35
4 24 10 40
4 24 10 45
4 24 15 20
4 24 15 25
4 24 15 30
4 24 15 35
4 24 15 40
4 24 15 45
4 24 20 25
4 24 20 30
4 24 20 35
4 24 20 40
4 24 20 45
4 24 25 30
4 24 25 35
4 24 25 40
4 24 25 45
4 24 30 35
4 24 30 40
4 24 30 45
4 24 35 40
4 24 35 45
4 24 40 45
4 29 34 39
4 29 34 44
4 29 34 5
4 29 34 10
4 29 34 15
4 29 34 20
4 29 34 25
4 29 34 30
4 29 34 35
4 29 34 40
4 29 34 45
4 29 39 44
4 29 39 5
4 29 39 10
4 29 39 15
4 29 39 20
4 29 39 25
4 29 39 30
4 29 39 35
4 29 39 40
4 29 39 45
4 29 44 5
4 29 44 10
4 29 44 15
4 29 44 20
4 29 44 25
4 29 44 30
4 29 44 35
4 29 44 40
4 29 44 45
4 29 5 10
4 29 5 15
4 29 5 20
4 29 5 25
4 29 5 30
4 29 5 35
4 29 5 40
4 29 5 45
4 29 10 15
4 29 10 20
4 29 10 25
4 29 10 30
4 29 10 35
4 29 10 40
4 29 10 45
4 29 15 20
4 29 15 25
4 29 15 30
4 29 15 35
4 29 15 40
4 29 15 45
4 29 20 25
4 29 20 30
4 29 20 35
4 29 20 40
4 29 20 45
4 29 25 30
4 29 25 35
4 29 25 40
4 29 25 45
4 29 30 35
4 29 30 40
4 29 30 45
4 29 35 40
4 29 35 45
4 29 40 45
4 34 39 44
4 34 39 5
4 34 39 10
4 34 39 15
4 34 39 20
4 34 39 25
4 34 39 30
4 34 39 35
4 34 39 40
4 34 39 45
4 34 44 5
4 34 44 10
4 34 44 15
4 34 44 20
4 34 44 25
4 34 44 30
4 34 44 35
4 34 44 40
4 34 44 45
4 34 5 10
4 34 5 15
4 34 5 20
4 34 5 25
4 34 5 30
4 34 5 35
4 34 5 40
4 34 5 45
4 34 10 15
4 34 10 20
4 34 10 25
4 34 10 30
4 34 10 35
4 34 10 40
4 34 10 45
4 34 15 20
4 34 15 25
4 34 15 30
4 34 15 35
4 34 15 40
4 34 15 45
4 34 20 25
4 34 20 30
4 34 20 35
4 34 20 40
4 34 20 45
4 34 25 30
4 34 25 35
4 34 25 40
4 34 25 45
4 34 30 35
4 34 30 40
4 34 30 45
4 34 35 40
4 34 35 45
4 34 40 45
4 39 44 5
4 39 44 10
4 39 44 15
4 39 44 20
4 39 44 25
4 39 44 30
4 39 44 35
4 39 44 40
4 39 44 45
4 39 5 10
4 39 5 15
4 39 5 20
4 39 5 25
4 39 5 30
4 39 5 35
4 39 5 40
4 39 5 45
4 39 10 15
4 39 10 20
4 39 10 25
4 39 10 30
4 39 10 35
4 39 10 40
4 39 10 45
4 39 15 20
4 39 15 25
4 39 15 30
4 39 15 35
4 39 15 40
4 39 15 45
4 39 20 25
4 39 20 30
4 39 20 35
4 39 20 40
4 39 20 45
4 39 25 30
4 39 25 35
4 39 25 40
4 39 25 45
4 39 30 35
4 39 30 40
4 39 30 45
4 39 35 40
4 39 35 45
4 39 40 45
4 44 5 10
4 44 5 15
4 44 5 20
4 44 5 25
4 44 5 30
4 44 5 35
4 44 5 40
4 44 5 45
4 44 10 15
4 44 10 20
4 44 10 25
4 44 10 30
4 44 10 35
4 44 10 40
4 44 10 45
4 44 15 20
4 44 15 25
4 44 15 30
4 44 15 35
4 44 15 40
4 44 15 45
4 44 20 25
4 44 20 30
4 44 20 35
4 44 20 40
4 44 20 45
4 44 25 30
4 44 25 35
4 44 25 40
4 44 25 45
4 44 30 35
4 44 30 40
4 44 30 45
4 44 35 40
4 44 35 45
4 44 40 45
4 5 10 15
4 5 10 20
4 5 10 25
4 5 10 30
4 5 10 35
4 5 10 40
4 5 10 45
4 5 15 20
4 5 15 25
4 5 15 30
4 5 15 35
4 5 15 40
4 5 15 45
4 5 20 25
4 5 20 30
4 5 20 35
4 5 20 40
4 5 20 45
4 5 25 30
4 5 25 35
4 5 25 40
4 5 25 45
4 5 30 35
4 5 30 40
4 5 30 45
4 5 35 40
4 5 35 45
4 5 40 45
4 10 15 20
4 10 15 25
4 10 15 30
4 10 15 35
4 10 15 40
4 10 15 45
4 10 20 25
4 10 20 30
4 10 20 35
4 10 20 40
4 10 20 45
4 10 25 30
4 10 25 35
4 10 25 40
4 10 25 45
4 10 30 35
4 10 30 40
4 10 30 45
4 10 35 40
4 10 35 45
4 10 40 45
4 15 20 25
4 15 20 30
4 15 20 35
4 15 20 40
4 15 20 45
4 15 25 30
4 15 25 35
4 15 25 40
4 15 25 45
4 15 30 35
4 15 30 40
4 15 30 45
4 15 35 40
4 15 35 45
4 15 40 45
4 20 25 30
4 20 25 35
4 20 25 40
4 20 25 45
4 20 30 35
4 20 30 40
4 20 30 45
4 20 35 40
4 20 35 45
4 20 40 45
4 25 30 35
4 25 30 40
4 25 30 45
4 25 35 40
4 25 35 45
4 25 40 45
4 30 35 40
4 30 35 45
4 30 40 45
4 35 40 45
9 14 19 24
9 14 19 29
9 14 19 34
9 14 19 39
9 14 19 44
9 14 19 5
9 14 19 10
9 14 19 15
9 14 19 20
9 14 19 25
9 14 19 30
9 14 19 35
9 14 19 40
9 14 19 45
9 14 24 29
9 14 24 34
9 14 24 39
9 14 24 44
9 14 24 5
9 14 24 10
9 14 24 15
9 14 24 20
9 14 24 25
9 14 24 30
9 14 24 35
9 14 24 40
9 14 24 45
9 14 29 34
9 14 29 39
9 14 29 44
9 14 29 5
9 14 29 10
9 14 29 15
9 14 29 20
9 14 29 25
9 14 29 30
9 14 29 35
9 14 29 40
9 14 29 45
9 14 34 39
9 14 34 44
9 14 34 5
9 14 34 10
9 14 34 15
9 14 34 20
9 14 34 25
9 14 34 30
9 14 34 35
9 14 34 40
9 14 34 45
9 14 39 44
9 14 39 5
9 14 39 10
9 14 39 15
9 14 39 20
9 14 39 25
9 14 39 30
9 14 39 35
9 14 39 40
9 14 39 45
9 14 44 5
9 14 44 10
9 14 44 15
9 14 44 20
9 14 44 25
9 14 44 30
9 14 44 35
9 14 44 40
9 14 44 45
9 14 5 10
9 14 5 15
9 14 5 20
9 14 5 25
9 14 5 30
9 14 5 35
9 14 5 40
9 14 5 45
9 14 10 15
9 14 10 20
9 14 10 25
9 14 10 30
9 14 10 35
9 14 10 40
9 14 10 45
9 14 15 20
9 14 15 25
9 14 15 30
9 14 15 35
9 14 15 40
9 14 15 45
9 14 20 25
9 14 20 30
9 14 20 35
9 14 20 40
9 14 20 45
9 14 25 30
9 14 25 35
9 14 25 40
9 14 25 45
9 14 30 35
9 14 30 40
9 14 30 45
9 14 35 40
9 14 35 45
9 14 40 45
9 19 24 29
9 19 24 34
9 19 24 39
9 19 24 44
9 19 24 5
9 19 24 10
9 19 24 15
9 19 24 20
9 19 24 25
9 19 24 30
9 19 24 35
9 19 24 40
9 19 24 45
9 19 29 34
9 19 29 39
9 19 29 44
9 19 29 5
9 19 29 10
9 19 29 15
9 19 29 20
9 19 29 25
9 19 29 30
9 19 29 35
9 19 29 40
9 19 29 45
9 19 34 39
9 19 34 44
9 19 34 5
9 19 34 10
9 19 34 15
9 19 34 20
9 19 34 25
9 19 34 30
9 19 34 35
9 19 34 40
9 19 34 45
9 19 39 44
9 19 39 5
9 19 39 10
9 19 39 15
9 19 39 20
9 19 39 25
9 19 39 30
9 19 39 35
9 19 39 40
9 19 39 45
9 19 44 5
9 19 44 10
9 19 44 15
9 19 44 20
9 19 44 25
9 19 44 30
9 19 44 35
9 19 44 40
9 19 44 45
9 19 5 10
9 19 5 15
9 19 5 20
9 19 5 25
9 19 5 30
9 19 5 35
9 19 5 40
9 19 5 45
9 19 10 15
9 19 10 20
9 19 10 25
9 19 10 30
9 19 10 35
9 19 10 40
9 19 10 45
9 19 15 20
9 19 15 25
9 19 15 30
9 19 15 35
9 19 15 40
9 19 15 45
9 19 20 25
9 19 20 30
9 19 20 35
9 19 20 40
9 19 20 45
9 19 25 30
9 19 25 35
9 19 25 40
9 19 25 45
9 19 30 35
9 19 30 40
9 19 30 45
9 19 35 40
9 19 35 45
9 19 40 45
9 24 29 34
9 24 29 39
9 24 29 44
9 24 29 5
9 24 29 10
9 24 29 15
9 24 29 20
9 24 29 25
9 24 29 30
9 24 29 35
9 24 29 40
9 24 29 45
9 24 34 39
9 24 34 44
9 24 34 5
9 24 34 10
9 24 34 15
9 24 34 20
9 24 34 25
9 24 34 30
9 24 34 35
9 24 34 40
9 24 34 45
9 24 39 44
9 24 39 5
9 24 39 10
9 24 39 15
9 24 39 20
9 24 39 25
9 24 39 30
9 24 39 35
9 24 39 40
9 24 39 45
9 24 44 5
9 24 44 10
9 24 44 15
9 24 44 20
9 24 44 25
9 24 44 30
9 24 44 35
9 24 44 40
9 24 44 45
9 24 5 10
9 24 5 15
9 24 5 20
9 24 5 25
9 24 5 30
9 24 5 35
9 24 5 40
9 24 5 45
9 24 10 15
9 24 10 20
9 24 10 25
9 24 10 30
9 24 10 35
9 24 10 40
9 24 10 45
9 24 15 20
9 24 15 25
9 24 15 30
9 24 15 35
9 24 15 40
9 24 15 45
9 24 20 25
9 24 20 30
9 24 20 35
9 24 20 40
9 24 20 45
9 24 25 30
9 24 25 35
9 24 25 40
9 24 25 45
9 24 30 35
9 24 30 40
9 24 30 45
9 24 35 40
9 24 35 45
9 24 40 45
9 29 34 39
9 29 34 44
9 29 34 5
9 29 34 10
9 29 34 15
9 29 34 20
9 29 34 25
9 29 34 30
9 29 34 35
9 29 34 40
9 29 34 45
9 29 39 44
9 29 39 5
9 29 39 10
9 29 39 15
9 29 39 20
9 29 39 25
9 29 39 30
9 29 39 35
9 29 39 40
9 29 39 45
9 29 44 5
9 29 44 10
9 29 44 15
9 29 44 20
9 29 44 25
9 29 44 30
9 29 44 35
9 29 44 40
9 29 44 45
9 29 5 10
9 29 5 15
9 29 5 20
9 29 5 25
9 29 5 30
9 29 5 35
9 29 5 40
9 29 5 45
9 29 10 15
9 29 10 20
9 29 10 25
9 29 10 30
9 29 10 35
9 29 10 40
9 29 10 45
9 29 15 20
9 29 15 25
9 29 15 30
9 29 15 35
9 29 15 40
9 29 15 45
9 29 20 25
9 29 20 30
9 29 20 35
9 29 20 40
9 29 20 45
9 29 25 30
9 29 25 35
9 29 25 40
9 29 25 45
9 29 30 35
9 29 30 40
9 29 30 45
9 29 35 40
9 29 35 45
9 29 40 45
9 34 39 44
9 34 39 5
9 34 39 10
9 34 39 15
9 34 39 20
9 34 39 25
9 34 39 30
9 34 39 35
9 34 39 40
9 34 39 45
9 34 44 5
9 34 44 10
9 34 44 15
9 34 44 20
9 34 44 25
9 34 44 30
9 34 44 35
9 34 44 40
9 34 44 45
9 34 5 10
9 34 5 15
9 34 5 20
9 34 5 25
9 34 5 30
9 34 5 35
9 34 5 40
9 34 5 45
9 34 10 15
9 34 10 20
9 34 10 25
9 34 10 30
9 34 10 35
9 34 10 40
9 34 10 45
9 34 15 20
9 34 15 25
9 34 15 30
9 34 15 35
9 34 15 40
9 34 15 45
9 34 20 25
9 34 20 30
9 34 20 35
9 34 20 40
9 34 20 45
9 34 25 30
9 34 25 35
9 34 25 40
9 34 25 45
9 34 30 35
9 34 30 40
9 34 30 45
9 34 35 40
9 34 35 45
9 34 40 45
9 39 44 5
9 39 44 10
9 39 44 15
9 39 44 20
9 39 44 25
9 39 44 30
9 39 44 35
9 39 44 40
9 39 44 45
9 39 5 10
9 39 5 15
9 39 5 20
9 39 5 25
9 39 5 30
9 39 5 35
9 39 5 40
9 39 5 45
9 39 10 15
9 39 10 20
9 39 10 25
9 39 10 30
9 39 10 35
9 39 10 40
9 39 10 45
9 39 15 20
9 39 15 25
9 39 15 30
9 39 15 35
9 39 15 40
9 39 15 45
9 39 20 25
9 39 20 30
9 39 20 35
9 39 20 40
9 39 20 45
9 39 25 30
9 39 25 35
9 39 25 40
9 39 25 45
9 39 30 35
9 39 30 40
9 39 30 45
9 39 35 40
9 39 35 45
9 39 40 45
9 44 5 10
9 44 5 15
9 44 5 20
9 44 5 25
9 44 5 30
9 44 5 35
9 44 5 40
9 44 5 45
9 44 10 15
9 44 10 20
9 44 10 25
9 44 10 30
9 44 10 35
9 44 10 40
9 44 10 45
9 44 15 20
9 44 15 25
9 44 15 30
9 44 15 35
9 44 15 40
9 44 15 45
9 44 20 25
9 44 20 30
9 44 20 35
9 44 20 40
9 44 20 45
9 44 25 30
9 44 25 35
9 44 25 40
9 44 25 45
9 44 30 35
9 44 30 40
9 44 30 45
9 44 35 40
9 44 35 45
9 44 40 45
9 5 10 15
9 5 10 20
9 5 10 25
9 5 10 30
9 5 10 35
9 5 10 40
9 5 10 45
9 5 15 20
9 5 15 25
9 5 15 30
9 5 15 35
9 5 15 40
9 5 15 45
9 5 20 25
9 5 20 30
9 5 20 35
9 5 20 40
9 5 20 45
9 5 25 30
9 5 25 35
9 5 25 40
9 5 25 45
9 5 30 35
9 5 30 40
9 5 30 45
9 5 35 40
9 5 35 45
9 5 40 45
9 10 15 20
9 10 15 25
9 10 15 30
9 10 15 35
9 10 15 40
9 10 15 45
9 10 20 25
9 10 20 30
9 10 20 35
9 10 20 40
9 10 20 45
9 10 25 30
9 10 25 35
9 10 25 40
9 10 25 45
9 10 30 35
9 10 30 40
9 10 30 45
9 10 35 40
9 10 35 45
9 10 40 45
9 15 20 25
9 15 20 30
9 15 20 35
9 15 20 40
9 15 20 45
9 15 25 30
9 15 25 35
9 15 25 40
9 15 25 45
9 15 30 35
9 15 30 40
9 15 30 45
9 15 35 40
9 15 35 45
9 15 40 45
9 20 25 30
9 20 25 35
9 20 25 40
9 20 25 45
9 20 30 35
9 20 30 40
9 20 30 45
9 20 35 40
9 20 35 45
9 20 40 45
9 25 30 35
9 25 30 40
9 25 30 45
9 25 35 40
9 25 35 45
9 25 40 45
9 30 35 40
9 30 35 45
9 30 40 45
9 35 40 45
14 19 24 29
14 19 24 34
14 19 24 39
14 19 24 44
14 19 24 5
14 19 24 10
14 19 24 15
14 19 24 20
14 19 24 25
14 19 24 30
14 19 24 35
14 19 24 40
14 19 24 45
14 19 29 34
14 19 29 39
14 19 29 44
14 19 29 5
14 19 29 10
14 19 29 15
14 19 29 20
14 19 29 25
14 19 29 30
14 19 29 35
14 19 29 40
14 19 29 45
14 19 34 39
14 19 34 44
14 19 34 5
14 19 34 10
14 19 34 15
14 19 34 20
14 19 34 25
14 19 34 30
14 19 34 35
14 19 34 40
14 19 34 45
14 19 39 44
14 19 39 5
14 19 39 10
14 19 39 15
14 19 39 20
14 19 39 25
14 19 39 30
14 19 39 35
14 19 39 40
14 19 39 45
14 19 44 5
14 19 44 10
14 19 44 15
14 19 44 20
14 19 44 25
14 19 44 30
14 19 44 35
14 19 44 40
14 19 44 45
14 19 5 10
14 19 5 15
14 19 5 20
14 19 5 25
14 19 5 30
14 19 5 35
14 19 5 40
14 19 5 45
14 19 10 15
14 19 10 20
14 19 10 25
14 19 10 30
14 19 10 35
14 19 10 40
14 19 10 45
14 19 15 20
14 19 15 25
14 19 15 30
14 19 15 35
14 19 15 40
14 19 15 45
14 19 20 25
14 19 20 30
14 19 20 35
14 19 20 40
14 19 20 45
14 19 25 30
14 19 25 35
14 19 25 40
14 19 25 45
14 19 30 35
14 19 30 40
14 19 30 45
14 19 35 40
14 19 35 45
14 19 40 45
14 24 29 34
14 24 29 39
14 24 29 44
14 24 29 5
14 24 29 10
14 24 29 15
14 24 29 20
14 24 29 25
14 24 29 30
14 24 29 35
14 24 29 40
14 24 29 45
14 24 34 39
14 24 34 44
14 24 34 5
14 24 34 10
14 24 34 15
14 24 34 20
14 24 34 25
14 24 34 30
14 24 34 35
14 24 34 40
14 24 34 45
14 24 39 44
14 24 39 5
14 24 39 10
14 24 39 15
14 24 39 20
14 24 39 25
14 24 39 30
14 24 39 35
14 24 39 40
14 24 39 45
14 24 44 5
14 24 44 10
14 24 44 15
14 24 44 20
14 24 44 25
14 24 44 30
14 24 44 35
14 24 44 40
14 24 44 45
14 24 5 10
14 24 5 15
14 24 5 20
14 24 5 25
14 24 5 30
14 24 5 35
14 24 5 40
14 24 5 45
14 24 10 15
14 24 10 20
14 24 10 25
14 24 10 30
14 24 10 35
14 24 10 40
14 24 10 45
14 24 15 20
14 24 15 25
14 24 15 30
14 24 15 35
14 24 15 40
14 24 15 45
14 24 20 25
14 24 20 30
14 24 20 35
14 24 20 40
14 24 20 45
14 24 25 30
14 24 25 35
14 24 25 40
14 24 25 45
14 24 30 35
14 24 30 40
14 24 30 45
14 24 35 40
14 24 35 45
14 24 40 45
14 29 34 39
14 29 34 44
14 29 34 5
14 29 34 10
14 29 34 15
14 29 34 20
14 29 34 25
14 29 34 30
14 29 34 35
14 29 34 40
14 29 34 45
14 29 39 44
14 29 39 5
14 29 39 10
14 29 39 15
14 29 39 20
14 29 39 25
14 29 39 30
14 29 39 35
14 29 39 40
14 29 39 45
14 29 44 5
14 29 44 10
14 29 44 15
14 29 44 20
14 29 44 25
14 29 44 30
14 29 44 35
14 29 44 40
14 29 44 45
14 29 5 10
14 29 5 15
14 29 5 20
14 29 5 25
14 29 5 30
14 29 5 35
14 29 5 40
14 29 5 45
14 29 10 15
14 29 10 20
14 29 10 25
14 29 10 30
14 29 10 35
14 29 10 40
14 29 10 45
14 29 15 20
14 29 15 25
14 29 15 30
14 29 15 35
14 29 15 40
14 29 15 45
14 29 20 25
14 29 20 30
14 29 20 35
14 29 20 40
14 29 20 45
14 29 25 30
14 29 25 35
14 29 25 40
14 29 25 45
14 29 30 35
14 29 30 40
14 29 30 45
14 29 35 40
14 29 35 45
14 29 40 45
14 34 39 44
14 34 39 5
14 34 39 10
14 34 39 15
14 34 39 20
14 34 39 25
14 34 39 30
14 34 39 35
14 34 39 40
14 34 39 45
14 34 44 5
14 34 44 10
14 34 44 15
14 34 44 20
14 34 44 25
14 34 44 30
14 34 44 35
14 34 44 40
14 34 44 45
14 34 5 10
14 34 5 15
14 34 5 20
14 34 5 25
14 34 5 30
14 34 5 35
14 34 5 40
14 34 5 45
14 34 10 15
14 34 10 20
14 34 10 25
14 34 10 30
14 34 10 35
14 34 10 40
14 34 10 45
14 34 15 20
14 34 15 25
14 34 15 30
14 34 15 35
14 34 15 40
14 34 15 45
14 34 20 25
14 34 20 30
14 34 20 35
14 34 20 40
14 34 20 45
14 34 25 30
14 34 25 35
14 34 25 40
14 34 25 45
14 34 30 35
14 34 30 40
14 34 30 45
14 34 35 40
14 34 35 45
14 34 40 45
14 39 44 5
14 39 44 10
14 39 44 15
14 39 44 20
14 39 44 25
14 39 44 30
14 39 44 35
14 39 44 40
14 39 44 45
14 39 5 10
14 39 5 15
14 39 5 20
14 39 5 25
14 39 5 30
14 39 5 35
14 39 5 40
14 39 5 45
14 39 10 15
14 39 10 20
14 39 10 25
14 39 10 30
14 39 10 35
14 39 10 40
14 39 10 45
14 39 15 20
14 39 15 25
14 39 15 30
14 39 15 35
14 39 15 40
14 39 15 45
14 39 20 25
14 39 20 30
14 39 20 35
14 39 20 40
14 39 20 45
14 39 25 30
14 39 25 35
14 39 25 40
14 39 25 45
14 39 30 35
14 39 30 40
14 39 30 45
14 39 35 40
14 39 35 45
14 39 40 45
14 44 5 10
14 44 5 15
14 44 5 20
14 44 5 25
14 44 5 30
14 44 5 35
14 44 5 40
14 44 5 45
14 44 10 15
14 44 10 20
14 44 10 25
14 44 10 30
14 44 10 35
14 44 10 40
14 44 10 45
14 44 15 20
14 44 15 25
14 44 15 30
14 44 15 35
14 44 15 40
14 44 15 45
14 44 20 25
14 44 20 30
14 44 20 35
14 44 20 40
14 44 20 45
14 44 25 30
14 44 25 35
14 44 25 40
14 44 25 45
14 44 30 35
14 44 30 40
14 44 30 45
14 44 35 40
14 44 35 45
14 44 40 45
14 5 10 15
14 5 10 20
14 5 10 25
14 5 10 30
14 5 10 35
14 5 10 40
14 5 10 45
14 5 15 20
14 5 15 25
14 5 15 30
14 5 15 35
14 5 15 40
14 5 15 45
14 5 20 25
14 5 20 30
14 5 20 35
14 5 20 40
14 5 20 45
14 5 25 30
14 5 25 35
14 5 25 40
14 5 25 45
14 5 30 35
14 5 30 40
14 5 30 45
14 5 35 40
14 5 35 45
14 5 40 45
14 10 15 20
14 10 15 25
14 10 15 30
14 10 15 35
14 10 15 40
14 10 15 45
14 10 20 25
14 10 20 30
14 10 20 35
14 10 20 40
14 10 20 45
14 10 25 30
14 10 25 35
14 10 25 40
14 10 25 45
14 10 30 35
14 10 30 40
14 10 30 45
14 10 35 40
14 10 35 45
14 10 40 45
14 15 20 25
14 15 20 30
14 15 20 35
14 15 20 40
14 15 20 45
14 15 25 30
14 15 25 35
14 15 25 40
14 15 25 45
14 15 30 35
14 15 30 40
14 15 30 45
14 15 35 40
14 15 35 45
14 15 40 45
14 20 25 30
14 20 25 35
14 20 25 40
14 20 25 45
14 20 30 35
14 20 30 40
14 20 30 45
14 20 35 40
14 20 35 45
14 20 40 45
14 25 30 35
14 25 30 40
14 25 30 45
14 25 35 40
14 25 35 45
14 25 40 45
14 30 35 40
14 30 35 45
14 30 40 45
14 35 40 45
19 24 29 34
19 24 29 39
19 24 29 44
19 24 29 5
19 24 29 10
19 24 29 15
19 24 29 20
19 24 29 25
19 24 29 30
19 24 29 35
19 24 29 40
19 24 29 45
19 24 34 39
19 24 34 44
19 24 34 5
19 24 34 10
19 24 34 15
19 24 34 20
19 24 34 25
19 24 34 30
19 24 34 35
19 24 34 40
19 24 34 45
19 24 39 44
19 24 39 5
19 24 39 10
19 24 39 15
19 24 39 20
19 24 39 25
19 24 39 30
19 24 39 35
19 24 39 40
19 24 39 45
19 24 44 5
19 24 44 10
19 24 44 15
19 24 44 20
19 24 44 25
19 24 44 30
19 24 44 35
19 24 44 40
19 24 44 45
19 24 5 10
19 24 5 15
19 24 5 20
19 24 5 25
19 24 5 30
19 24 5 35
19 24 5 40
19 24 5 45
19 24 10 15
19 24 10 20
19 24 10 25
19 24 10 30
19 24 10 35
19 24 10 40
19 24 10 45
19 24 15 20
19 24 15 25
19 24 15 30
19 24 15 35
19 24 15 40
19 24 15 45
19 24 20 25
19 24 20 30
19 24 20 35
19 24 20 40
19 24 20 45
19 24 25 30
19 24 25 35
19 24 25 40
19 24 25 45
19 24 30 35
19 24 30 40
19 24 30 45
19 24 35 40
19 24 35 45
19 24 40 45
19 29 34 39
19 29 34 44
19 29 34 5
19 29 34 10
19 29 34 15
19 29 34 20
19 29 34 25
19 29 34 30
19 29 34 35
19 29 34 40
19 29 34 45
19 29 39 44
19 29 39 5
19 29 39 10
19 29 39 15
19 29 39 20
19 29 39 25
19 29 39 30
19 29 39 35
19 29 39 40
19 29 39 45
19 29 44 5
19 29 44 10
19 29 44 15
19 29 44 20
19 29 44 25
19 29 44 30
19 29 44 35
19 29 44 40
19 29 44 45
19 29 5 10
19 29 5 15
19 29 5 20
19 29 5 25
19 29 5 30
19 29 5 35
19 29 5 40
19 29 5 45
19 29 10 15
19 29 10 20
19 29 10 25
19 29 10 30
19 29 10 35
19 29 10 40
19 29 10 45
19 29 15 20
19 29 15 25
19 29 15 30
19 29 15 35
19 29 15 40
19 29 15 45
19 29 20 25
19 29 20 30
19 29 20 35
19 29 20 40
19 29 20 45
19 29 25 30
19 29 25 35
19 29 25 40
19 29 25 45
19 29 30 35
19 29 30 40
19 29 30 45
19 29 35 40
19 29 35 45
19 29 40 45
19 34 39 44
19 34 39 5
19 34 39 10
19 34 39 15
19 34 39 20
19 34 39 25
19 34 39 30
19 34 39 35
19 34 39 40
19 34 39 45
19 34 44 5
19 34 44 10
19 34 44 15
19 34 44 20
19 34 44 25
19 34 44 30
19 34 44 35
19 34 44 40
19 34 44 45
19 34 5 10
19 34 5 15
19 34 5 20
19 34 5 25
19 34 5 30
19 34 5 35
19 34 5 40
19 34 5 45
19 34 10 15
19 34 10 20
19 34 10 25
19 34 10 30
19 34 10 35
19 34 10 40
19 34 10 45
19 34 15 20
19 34 15 25
19 34 15 30
19 34 15 35
19 34 15 40
19 34 15 45
19 34 20 25
19 34 20 30
19 34 20 35
19 34 20 40
19 34 20 45
19 34 25 30
19 34 25 35
19 34 25 40
19 34 25 45
19 34 30 35
19 34 30 40
19 34 30 45
19 34 35 40
19 34 35 45
19 34 40 45
19 39 44 5
19 39 44 10
19 39 44 15
19 39 44 20
19 39 44 25
19 39 44 30
19 39 44 35
19 39 44 40
19 39 44 45
19 39 5 10
19 39 5 15
19 39 5 20
19 39 5 25
19 39 5 30
19 39 5 35
19 39 5 40
19 39 5 45
19 39 10 15
19 39 10 20
19 39 10 25
19 39 10 30
19 39 10 35
19 39 10 40
19 39 10 45
19 39 15 20
19 39 15 25
19 39 15 30
19 39 15 35
19 39 15 40
19 39 15 45
19 39 20 25
19 39 20 30
19 39 20 35
19 39 20 40
19 39 20 45
19 39 25 30
19 39 25 35
19 39 25 40
19 39 25 45
19 39 30 35
19 39 30 40
19 39 30 45
19 39 35 40
19 39 35 45
19 39 40 45
19 44 5 10
19 44 5 15
19 44 5 20
19 44 5 25
19 44 5 30
19 44 5 35
19 44 5 40
19 44 5 45
19 44 10 15
19 44 10 20
19 44 10 25
19 44 10 30
19 44 10 35
19 44 10 40
19 44 10 45
19 44 15 20
19 44 15 25
19 44 15 30
19 44 15 35
19 44 15 40
19 44 15 45
19 44 20 25
19 44 20 30
19 44 20 35
19 44 20 40
19 44 20 45
19 44 25 30
19 44 25 35
19 44 25 40
19 44 25 45
19 44 30 35
19 44 30 40
19 44 30 45
19 44 35 40
19 44 35 45
19 44 40 45
19 5 10 15
19 5 10 20
19 5 10 25
19 5 10 30
19 5 10 35
19 5 10 40
19 5 10 45
19 5 15 20
19 5 15 25
19 5 15 30
19 5 15 35
19 5 15 40
19 5 15 45
19 5 20 25
19 5 20 30
19 5 20 35
19 5 20 40
19 5 20 45
19 5 25 30
19 5 25 35
19 5 25 40
19 5 25 45
19 5 30 35
19 5 30 40
19 5 30 45
19 5 35 40
19 5 35 45
19 5 40 45
19 10 15 20
19 10 15 25
19 10 15 30
19 10 15 35
19 10 15 40
19 10 15 45
19 10 20 25
19 10 20 30
19 10 20 35
19 10 20 40
19 10 20 45
19 10 25 30
19 10 25 35
19 10 25 40
19 10 25 45
19 10 30 35
19 10 30 40
19 10 30 45
19 10 35 40
19 10 35 45
19 10 40 45
19 15 20 25
19 15 20 30
19 15 20 35
19 15 20 40
19 15 20 45
19 15 25 30
19 15 25 35
19 15 25 40
19 15 25 45
19 15 30 35
19 15 30 40
19 15 30 45
19 15 35 40
19 15 35 45
19 15 40 45
19 20 25 30
19 20 25 35
19 20 25 40
19 20 25 45
19 20 30 35
19 20 30 40
19 20 30 45
19 20 35 40
19 20 35 45
19 20 40 45
19 25 30 35
19 25 30 40
19 25 30 45
19 25 35 40
19 25 35 45
19 25 40 45
19 30 35 40
19 30 35 45
19 30 40 45
19 35 40 45
24 29 34 39
24 29 34 44
24 29 34 5
24 29 34 10
24 29 34 15
24 29 34 20
24 29 34 25
24 29 34 30
24 29 34 35
24 29 34 40
24 29 34 45
24 29 39 44
24 29 39 5
24 29 39 10
24 29 39 15
24 29 39 20
24 29 39 25
24 29 39 30
24 29 39 35
24 29 39 40
24 29 39 45
24 29 44 5
24 29 44 10
24 29 44 15
24 29 44 20
24 29 44 25
24 29 44 30
24 29 44 35
24 29 44 40
24 29 44 45
24 29 5 10
24 29 5 15
24 29 5 20
24 29 5 25
24 29 5 30
24 29 5 35
24 29 5 40
24 29 5 45
24 29 10 15
24 29 10 20
24 29 10 25
24 29 10 30
24 29 10 35
24 29 10 40
24 29 10 45
24 29 15 20
24 29 15 25
24 29 15 30
24 29 15 35
24 29 15 40
24 29 15 45
24 29 20 25
24 29 20 30
24 29 20 35
24 29 20 40
24 29 20 45
24 29 25 30
24 29 25 35
24 29 25 40
24 29 25 45
24 29 30 35
24 29 30 40
24 29 30 45
24 29 35 40
24 29 35 45
24 29 40 45
24 34 39 44
24 34 39 5
24 34 39 10
24 34 39 15
24 34 39 20
24 34 39 25
24 34 39 30
24 34 39 35
24 34 39 40
24 34 39 45
24 34 44 5
24 34 44 10
24 34 44 15
24 34 44 20
24 34 44 25
24 34 44 30
24 34 44 35
24 34 44 40
24 34 44 45
24 34 5 10
24 34 5 15
24 34 5 20
24 34 5 25
24 34 5 30
24 34 5 35
24 34 5 40
24 34 5 45
24 34 10 15
24 34 10 20
24 34 10 25
24 34 10 30
24 34 10 35
24 34 10 40
24 34 10 45
24 34 15 20
24 34 15 25
24 34 15 30
24 34 15 35
24 34 15 40
24 34 15 45
24 34 20 25
24 34 20 30
24 34 20 35
24 34 20 40
24 34 20 45
24 34 25 30
24 34 25 35
24 34 25 40
24 34 25 45
24 34 30 35
24 34 30 40
24 34 30 45
24 34 35 40
24 34 35 45
24 34 40 45
24 39 44 5
24 39 44 10
24 39 44 15
24 39 44 20
24 39 44 25
24 39 44 30
24 39 44 35
24 39 44 40
24 39 44 45
24 39 5 10
24 39 5 15
24 39 5 20
24 39 5 25
24 39 5 30
24 39 5 35
24 39 5 40
24 39 5 45
24 39 10 15
24 39 10 20
24 39 10 25
24 39 10 30
24 39 10 35
24 39 10 40
24 39 10 45
24 39 15 20
24 39 15 25
24 39 15 30
24 39 15 35
24 39 15 40
24 39 15 45
24 39 20 25
24 39 20 30
24 39 20 35
24 39 20 40
24 39 20 45
24 39 25 30
24 39 25 35
24 39 25 40
24 39 25 45
24 39 30 35
24 39 30 40
24 39 30 45
24 39 35 40
24 39 35 45
24 39 40 45
24 44 5 10
24 44 5 15
24 44 5 20
24 44 5 25
24 44 5 30
24 44 5 35
24 44 5 40
24 44 5 45
24 44 10 15
24 44 10 20
24 44 10 25
24 44 10 30
24 44 10 35
24 44 10 40
24 44 10 45
24 44 15 20
24 44 15 25
24 44 15 30
24 44 15 35
24 44 15 40
24 44 15 45
24 44 20 25
24 44 20 30
24 44 20 35
24 44 20 40
24 44 20 45
24 44 25 30
24 44 25 35
24 44 25 40
24 44 25 45
24 44 30 35
24 44 30 40
24 44 30 45
24 44 35 40
24 44 35 45
24 44 40 45
24 5 10 15
24 5 10 20
24 5 10 25
24 5 10 30
24 5 10 35
24 5 10 40
24 5 10 45
24 5 15 20
24 5 15 25
24 5 15 30
24 5 15 35
24 5 15 40
24 5 15 45
24 5 20 25
24 5 20 30
24 5 20 35
24 5 20 40
24 5 20 45
24 5 25 30
24 5 25 35
24 5 25 40
24 5 25 45
24 5 30 35
24 5 30 40
24 5 30 45
24 5 35 40
24 5 35 45
24 5 40 45
24 10 15 20
24 10 15 25
24 10 15 30
24 10 15 35
24 10 15 40
24 10 15 45
24 10 20 25
24 10 20 30
24 10 20 35
24 10 20 40
24 10 20 45
24 10 25 30
24 10 25 35
24 10 25 40
24 10 25 45
24 10 30 35
24 10 30 40
24 10 30 45
24 10 35 40
24 10 35 45
24 10 40 45
24 15 20 25
24 15 20 30
24 15 20 35
24 15 20 40
24 15 20 45
24 15 25 30
24 15 25 35
24 15 25 40
24 15 25 45
24 15 30 35
24 15 30 40
24 15 30 45
24 15 35 40
24 15 35 45
24 15 40 45
24 20 25 30
24 20 25 35
24 20 25 40
24 20 25 45
24 20 30 35
24 20 30 40
24 20 30 45
24 20 35 40
24 20 35 45
24 20 40 45
24 25 30 35
24 25 30 40
24 25 30 45
24 25 35 40
24 25 35 45
24 25 40 45
24 30 35 40
24 30 35 45
24 30 40 45
24 35 40 45
29 34 39 44
29 34 39 5
29 34 39 10
29 34 39 15
29 34 39 20
29 34 39 25
29 34 39 30
29 34 39 35
29 34 39 40
29 34 39 45
29 34 44 5
29 34 44 10
29 34 44 15
29 34 44 20
29 34 44 25
29 34 44 30
29 34 44 35
29 34 44 40
29 34 44 45
29 34 5 10
29 34 5 15
29 34 5 20
29 34 5 25
29 34 5 30
29 34 5 35
29 34 5 40
29 34 5 45
29 34 10 15
29 34 10 20
29 34 10 25
29 34 10 30
29 34 10 35
29 34 10 40
29 34 10 45
29 34 15 20
29 34 15 25
29 34 15 30
29 34 15 35
29 34 15 40
29 34 15 45
29 34 20 25
29 34 20 30
29 34 20 35
29 34 20 40
29 34 20 45
29 34 25 30
29 34 25 35
29 34 25 40
29 34 25 45
29 34 30 35
29 34 30 40
29 34 30 45
29 34 35 40
29 34 35 45
29 34 40 45
29 39 44 5
29 39 44 10
29 39 44 15
29 39 44 20
29 39 44 25
29 39 44 30
29 39 44 35
29 39 44 40
29 39 44 45
29 39 5 10
29 39 5 15
29 39 5 20
29 39 5 25
29 39 5 30
29 39 5 35
29 39 5 40
29 39 5 45
29 39 10 15
29 39 10 20
29 39 10 25
29 39 10 30
29 39 10 35
29 39 10 40
29 39 10 45
29 39 15 20
29 39 15 25
29 39 15 30
29 39 15 35
29 39 15 40
29 39 15 45
29 39 20 25
29 39 20 30
29 39 20 35
29 39 20 40
29 39 20 45
29 39 25 30
29 39 25 35
29 39 25 40
29 39 25 45
29 39 30 35
29 39 30 40
29 39 30 45
29 39 35 40
29 39 35 45
29 39 40 45
29 44 5 10
29 44 5 15
29 44 5 20
29 44 5 25
29 44 5 30
29 44 5 35
29 44 5 40
29 44 5 45
29 44 10 15
29 44 10 20
29 44 10 25
29 44 10 30
29 44 10 35
29 44 10 40
29 44 10 45
29 44 15 20
29 44 15 25
29 44 15 30
29 44 15 35
29 44 15 40
29 44 15 45
29 44 20 25
29 44 20 30
29 44 20 35
29 44 20 40
29 44 20 45
29 44 25 30
29 44 25 35
29 44 25 40
29 44 25 45
29 44 30 35
29 44 30 40
29 44 30 45
29 44 35 40
29 44 35 45
29 44 40 45
29 5 10 15
29 5 10 20
29 5 10 25
29 5 10 30
29 5 10 35
29 5 10 40
29 5 10 45
29 5 15 20
29 5 15 25
29 5 15 30
29 5 15 35
29 5 15 40
29 5 15 45
29 5 20 25
29 5 20 30
29 5 20 35
29 5 20 40
29 5 20 45
29 5 25 30
29 5 25 35
29 5 25 40
29 5 25 45
29 5 30 35
29 5 30 40
29 5 30 45
29 5 35 40
29 5 35 45
29 5 40 45
29 10 15 20
29 10 15 25
29 10 15 30
29 10 15 35
29 10 15 40
29 10 15 45
29 10 20 25
29 10 20 30
29 10 20 35
29 10 20 40
29 10 20 45
29 10 25 30
29 10 25 35
29 10 25 40
29 10 25 45
29 10 30 35
29 10 30 40
29 10 30 45
29 10 35 40
29 10 35 45
29 10 40 45
29 15 20 25
29 15 20 30
29 15 20 35
29 15 20 40
29 15 20 45
29 15 25 30
29 15 25 35
29 15 25 40
29 15 25 45
29 15 30 35
29 15 30 40
29 15 30 45
29 15 35 40
29 15 35 45
29 15 40 45
29 20 25 30
29 20 25 35
29 20 25 40
29 20 25 45
29 20 30 35
29 20 30 40
29 20 30 45
29 20 35 40
29 20 35 45
29 20 40 45
29 25 30 35
29 25 30 40
29 25 30 45
29 25 35 40
29 25 35 45
29 25 40 45
29 30 35 40
29 30 35 45
29 30 40 45
29 35 40 45
34 39 44 5
34 39 44 10
34 39 44 15
34 39 44 20
34 39 44 25
34 39 44 30
34 39 44 35
34 39 44 40
34 39 44 45
34 39 5 10
34 39 5 15
34 39 5 20
34 39 5 25
34 39 5 30
34 39 5 35
34 39 5 40
34 39 5 45
34 39 10 15
34 39 10 20
34 39 10 25
34 39 10 30
34 39 10 35
34 39 10 40
34 39 10 45
34 39 15 20
34 39 15 25
34 39 15 30
34 39 15 35
34 39 15 40
34 39 15 45
34 39 20 25
34 39 20 30
34 39 20 35
34 39 20 40
34 39 20 45
34 39 25 30
34 39 25 35
34 39 25 40
34 39 25 45
34 39 30 35
34 39 30 40
34 39 30 45
34 39 35 40
34 39 35 45
34 39 40 45
34 44 5 10
34 44 5 15
34 44 5 20
34 44 5 25
34 44 5 30
34 44 5 35
34 44 5 40
34 44 5 45
34 44 10 15
34 44 10 20
34 44 10 25
34 44 10 30
34 44 10 35
34 44 10 40
34 44 10 45
34 44 15 20
34 44 15 25
34 44 15 30
34 44 15 35
34 44 15 40
34 44 15 45
34 44 20 25
34 44 20 30
34 44 20 35
34 44 20 40
34 44 20 45
34 44 25 30
34 44 25 35
34 44 25 40
34 44 25 45
34 44 30 35
34 44 30 40
34 44 30 45
34 44 35 40
34 44 35 45
34 44 40 45
34 5 10 15
34 5 10 20
34 5 10 25
34 5 10 30
34 5 10 35
34 5 10 40
34 5 10 45
34 5 15 20
34 5 15 25
34 5 15 30
34 5 15 35
34 5 15 40
34 5 15 45
34 5 20 25
34 5 20 30
34 5 20 35
34 5 20 40
34 5 20 45
34 5 25 30
34 5 25 35
34 5 25 40
34 5 25 45
34 5 30 35
34 5 30 40
34 5 30 45
34 5 35 40
34 5 35 45
34 5 40 45
34 10 15 20
34 10 15 25
34 10 15 30
34 10 15 35
34 10 15 40
34 10 15 45
34 10 20 25
34 10 20 30
34 10 20 35
34 10 20 40
34 10 20 45
34 10 25 30
34 10 25 35
34 10 25 40
34 10 25 45
34 10 30 35
34 10 30 40
34 10 30 45
34 10 35 40
34 10 35 45
34 10 40 45
34 15 20 25
34 15 20 30
34 15 20 35
34 15 20 40
34 15 20 45
34 15 25 30
34 15 25 35
34 15 25 40
34 15 25 45
34 15 30 35
34 15 30 40
34 15 30 45
34 15 35 40
34 15 35 45
34 15 40 45
34 20 25 30
34 20 25 35
34 20 25 40
34 20 25 45
34 20 30 35
34 20 30 40
34 20 30 45
34 20 35 40
34 20 35 45
34 20 40 45
34 25 30 35
34 25 30 40
34 25 30 45
34 25 35 40
34 25 35 45
34 25 40 45
34 30 35 40
34 30 35 45
34 30 40 45
34 35 40 45
39 44 5 10
39 44 5 15
39 44 5 20
39 44 5 25
39 44 5 30
39 44 5 35
39 44 5 40
39 44 5 45
39 44 10 15
39 44 10 20
39 44 10 25
39 44 10 30
39 44 10 35
39 44 10 40
39 44 10 45
39 44 15 20
39 44 15 25
39 44 15 30
39 44 15 35
39 44 15 40
39 44 15 45
39 44 20 25
39 44 20 30
39 44 20 35
39 44 20 40
39 44 20 45
39 44 25 30
39 44 25 35
39 44 25 40
39 44 25 45
39 44 30 35
39 44 30 40
39 44 30 45
39 44 35 40
39 44 35 45
39 44 40 45
39 5 10 15
39 5 10 20
39 5 10 25
39 5 10 30
39 5 10 35
39 5 10 40
39 5 10 45
39 5 15 20
39 5 15 25
39 5 15 30
39 5 15 35
39 5 15 40
39 5 15 45
39 5 20 25
39 5 20 30
39 5 20 35
39 5 20 40
39 5 20 45
39 5 25 30
39 5 25 35
39 5 25 40
39 5 25 45
39 5 30 35
39 5 30 40
39 5 30 45
39 5 35 40
39 5 35 45
39 5 40 45
39 10 15 20
39 10 15 25
39 10 15 30
39 10 15 35
39 10 15 40
39 10 15 45
39 10 20 25
39 10 20 30
39 10 20 35
39 10 20 40
39 10 20 45
39 10 25 30
39 10 25 35
39 10 25 40
39 10 25 45
39 10 30 35
39 10 30 40
39 10 30 45
39 10 35 40
39 10 35 45
39 10 40 45
39 15 20 25
39 15 20 30
39 15 20 35
39 15 20 40
39 15 20 45
39 15 25 30
39 15 25 35
39 15 25 40
39 15 25 45
39 15 30 35
39 15 30 40
39 15 30 45
39 15 35 40
39 15 35 45
39 15 40 45
39 20 25 30
39 20 25 35
39 20 25 40
39 20 25 45
39 20 30 35
39 20 30 40
39 20 30 45
39 20 35 40
39 20 35 45
39 20 40 45
39 25 30 35
39 25 30 40
39 25 30 45
39 25 35 40
39 25 35 45
39 25 40 45
39 30 35 40
39 30 35 45
39 30 40 45
39 35 40 45
44 5 10 15
44 5 10 20
44 5 10 25
44 5 10 30
44 5 10 35
44 5 10 40
44 5 10 45
44 5 15 20
44 5 15 25
44 5 15 30
44 5 15 35
44 5 15 40
44 5 15 45
44 5 20 25
44 5 20 30
44 5 20 35
44 5 20 40
44 5 20 45
44 5 25 30
44 5 25 35
44 5 25 40
44 5 25 45
44 5 30 35
44 5 30 40
44 5 30 45
44 5 35 40
44 5 35 45
44 5 40 45
44 10 15 20
44 10 15 25
44 10 15 30
44 10 15 35
44 10 15 40
44 10 15 45
44 10 20 25
44 10 20 30
44 10 20 35
44 10 20 40
44 10 20 45
44 10 25 30
44 10 25 35
44 10 25 40
44 10 25 45
44 10 30 35
44 10 30 40
44 10 30 45
44 10 35 40
44 10 35 45
44 10 40 45
44 15 20 25
44 15 20 30
44 15 20 35
44 15 20 40
44 15 20 45
44 15 25 30
44 15 25 35
44 15 25 40
44 15 25 45
44 15 30 35
44 15 30 40
44 15 30 45
44 15 35 40
44 15 35 45
44 15 40 45
44 20 25 30
44 20 25 35
44 20 25 40
44 20 25 45
44 20 30 35
44 20 30 40
44 20 30 45
44 20 35 40
44 20 35 45
44 20 40 45
44 25 30 35
44 25 30 40
44 25 30 45
44 25 35 40
44 25 35 45
44 25 40 45
44 30 35 40
44 30 35 45
44 30 40 45
44 35 40 45
5 10 15 20
5 10 15 25
5 10 15 30
5 10 15 35
5 10 15 40
5 10 15 45
5 10 20 25
5 10 20 30
5 10 20 35
5 10 20 40
5 10 20 45
5 10 25 30
5 10 25 35
5 10 25 40
5 10 25 45
5 10 30 35
5 10 30 40
5 10 30 45
5 10 35 40
5 10 35 45
5 10 40 45
5 15 20 25
5 15 20 30
5 15 20 35
5 15 20 40
5 15 20 45
5 15 25 30
5 15 25 35
5 15 25 40
5 15 25 45
5 15 30 35
5 15 30 40
5 15 30 45
5 15 35 40
5 15 35 45
5 15 40 45
5 20 25 30
5 20 25 35
5 20 25 40
5 20 25 45
5 20 30 35
5 20 30 40
5 20 30 45
5 20 35 40
5 20 35 45
5 20 40 45
5 25 30 35
5 25 30 40
5 25 30 45
5 25 35 40
5 25 35 45
5 25 40 45
5 30 35 40
5 30 35 45
5 30 40 45
5 35 40 45
10 15 20 25
10 15 20 30
10 15 20 35
10 15 20 40
10 15 20 45
10 15 25 30
10 15 25 35
10 15 25 40
10 15 25 45
10 15 30 35
10 15 30 40
10 15 30 45
10 15 35 40
10 15 35 45
10 15 40 45
10 20 25 30
10 20 25 35
10 20 25 40
10 20 25 45
10 20 30 35
10 20 30 40
10 20 30 45
10 20 35 40
10 20 35 45
10 20 40 45
10 25 30 35
10 25 30 40
10 25 30 45
10 25 35 40
10 25 35 45
10 25 40 45
10 30 35 40
10 30 35 45
10 30 40 45
10 35 40 45
15 20 25 30
15 20 25 35
15 20 25 40
15 20 25 45
15 20 30 35
15 20 30 40
15 20 30 45
15 20 35 40
15 20 35 45
15 20 40 45
15 25 30 35
15 25 30 40
15 25 30 45
15 25 35 40
15 25 35 45
15 25 40 45
15 30 35 40
15 30 35 45
15 30 40 45
15 35 40 45
20 25 30 35
20 25 30 40
20 25 30 45
20 25 35 40
20 25 35 45
20 25 40 45
20 30 35 40
20 30 35 45
20 30 40 45
20 35 40 45
25 30 35 40
25 30 35 45
25 30 40 45
25 35 40 45
30 35 40 45
