
2 7 12
2 7 16
2 7 22
2 7 26
2 7 32
2 7 37
2 7 42
2 12 16
2 12 22
2 12 26
2 12 32
2 12 37
2 12 42
2 16 22
2 16 26
2 16 32
2 16 37
2 16 42
2 22 26
2 22 32
2 22 37
2 22 42
2 26 32
2 26 37
2 26 42
2 32 37
2 32 42
2 37 42
7 12 16
7 12 22
7 12 26
7 12 32
7 12 37
7 12 42
7 16 22
7 16 26
7 16 32
7 16 37
7 16 42
7 22 26
7 22 32
7 22 37
7 22 42
7 26 32
7 26 37
7 26 42
7 32 37
7 32 42
7 37 42
12 16 22
12 16 26
12 16 32
12 16 37
12 16 42
12 22 26
12 22 32
12 22 37
12 22 42
12 26 32
12 26 37
12 26 42
12 32 37
12 32 42
12 37 42
16 22 26
16 22 32
16 22 37
16 22 42
16 26 32
16 26 37
16 26 42
16 32 37
16 32 42
16 37 42
22 26 32
22 26 37
22 26 42
22 32 37
22 32 42
22 37 42
26 32 37
26 32 42
26 37 42
32 37 42

2 7 12 16
2 7 12 22
2 7 12 26
2 7 12 32
2 7 12 37
2 7 12 42
2 7 16 22
2 7 16 26
2 7 16 32
2 7 16 37
2 7 16 42
2 7 22 26
2 7 22 32
2 7 22 37
2 7 22 42
2 7 26 32
2 7 26 37
2 7 26 42
2 7 32 37
2 7 32 42
2 7 37 42
2 12 16 22
2 12 16 26
2 12 16 32
2 12 16 37
2 12 16 42
2 12 22 26
2 12 22 32
2 12 22 37
2 12 22 42
2 12 26 32
2 12 26 37
2 12 26 42
2 12 32 37
2 12 32 42
2 12 37 42
2 16 22 26
2 16 22 32
2 16 22 37
2 16 22 42
2 16 26 32
2 16 26 37
2 16 26 42
2 16 32 37
2 16 32 42
2 16 37 42
2 22 26 32
2 22 26 37
2 22 26 42
2 22 32 37
2 22 32 42
2 22 37 42
2 26 32 37
2 26 32 42
2 26 37 42
2 32 37 42
7 12 16 22
7 12 16 26
7 12 16 32
7 12 16 37
7 12 16 42
7 12 22 26
7 12 22 32
7 12 22 37
7 12 22 42
7 12 26 32
7 12 26 37
7 12 26 42
7 12 32 37
7 12 32 42
7 12 37 42
7 16 22 26
7 16 22 32
7 16 22 37
7 16 22 42
7 16 26 32
7 16 26 37
7 16 26 42
7 16 32 37
7 16 32 42
7 16 37 42
7 22 26 32
7 22 26 37
7 22 26 42
7 22 32 37
7 22 32 42
7 22 37 42
7 26 32 37
7 26 32 42
7 26 37 42
7 32 37 42
12 16 22 26
12 16 22 32
12 16 22 37
12 16 22 42
12 16 26 32
12 16 26 37
12 16 26 42
12 16 32 37
12 16 32 42
12 16 37 42
12 22 26 32
12 22 26 37
12 22 26 42
12 22 32 37
12 22 32 42
12 22 37 42
12 26 32 37
12 26 32 42
12 26 37 42
12 32 37 42
16 22 26 32
16 22 26 37
16 22 26 42
16 22 32 37
16 22 32 42
16 22 37 42
16 26 32 37
16 26 32 42
16 26 37 42
16 32 37 42
22 26 32 37
22 26 32 42
22 26 37 42
22 32 37 42
26 32 37 42

2 7 12 16 22
2 7 12 16 26
2 7 12 16 32
2 7 12 16 37
2 7 12 16 42
2 7 12 22 26
2 7 12 22 32
2 7 12 22 37
2 7 12 22 42
2 7 12 26 32
2 7 12 26 37
2 7 12 26 42
2 7 12 32 37
2 7 12 32 42
2 7 12 37 42
2 7 16 22 26
2 7 16 22 32
2 7 16 22 37
2 7 16 22 42
2 7 16 26 32
2 7 16 26 37
2 7 16 26 42
2 7 16 32 37
2 7 16 32 42
2 7 16 37 42
2 7 22 26 32
2 7 22 26 37
2 7 22 26 42
2 7 22 32 37
2 7 22 32 42
2 7 22 37 42
2 7 26 32 37
2 7 26 32 42
2 7 26 37 42
2 7 32 37 42
2 12 16 22 26
2 12 16 22 32
2 12 16 22 37
2 12 16 22 42
2 12 16 26 32
2 12 16 26 37
2 12 16 26 42
2 12 16 32 37
2 12 16 32 42
2 12 16 37 42
2 12 22 26 32
2 12 22 26 37
2 12 22 26 42
2 12 22 32 37
2 12 22 32 42
2 12 22 37 42
2 12 26 32 37
2 12 26 32 42
2 12 26 37 42
2 12 32 37 42
2 16 22 26 32
2 16 22 26 37
2 16 22 26 42
2 16 22 32 37
2 16 22 32 42
2 16 22 37 42
2 16 26 32 37
2 16 26 32 42
2 16 26 37 42
2 16 32 37 42
2 22 26 32 37
2 22 26 32 42
2 22 26 37 42
2 22 32 37 42
2 26 32 37 42
7 12 16 22 26
7 12 16 22 32
7 12 16 22 37
7 12 16 22 42
7 12 16 26 32
7 12 16 26 37
7 12 16 26 42
7 12 16 32 37
7 12 16 32 42
7 12 16 37 42
7 12 22 26 32
7 12 22 26 37
7 12 22 26 42
7 12 22 32 37
7 12 22 32 42
7 12 22 37 42
7 12 26 32 37
7 12 26 32 42
7 12 26 37 42
7 12 32 37 42
7 16 22 26 32
7 16 22 26 37
7 16 22 26 42
7 16 22 32 37
7 16 22 32 42
7 16 22 37 42
7 16 26 32 37
7 16 26 32 42
7 16 26 37 42
7 16 32 37 42
7 22 26 32 37
7 22 26 32 42
7 22 26 37 42
7 22 32 37 42
7 26 32 37 42
12 16 22 26 32
12 16 22 26 37
12 16 22 26 42
12 16 22 32 37
12 16 22 32 42
12 16 22 37 42
12 16 26 32 37
12 16 26 32 42
12 16 26 37 42
12 16 32 37 42
12 22 26 32 37
12 22 26 32 42
12 22 26 37 42
12 22 32 37 42
12 26 32 37 42
16 22 26 32 37
16 22 26 32 42
16 22 26 37 42
16 22 32 37 42
16 26 32 37 42
22 26 32 37 42
