
3 8 13
3 8 17
3 8 23
3 8 27
3 8 33
3 8 38
3 8 43
3 13 17
3 13 23
3 13 27
3 13 33
3 13 38
3 13 43
3 17 23
3 17 27
3 17 33
3 17 38
3 17 43
3 23 27
3 23 33
3 23 38
3 23 43
3 27 33
3 27 38
3 27 43
3 33 38
3 33 43
3 38 43
8 13 17
8 13 23
8 13 27
8 13 33
8 13 38
8 13 43
8 17 23
8 17 27
8 17 33
8 17 38
8 17 43
8 23 27
8 23 33
8 23 38
8 23 43
8 27 33
8 27 38
8 27 43
8 33 38
8 33 43
8 38 43
13 17 23
13 17 27
13 17 33
13 17 38
13 17 43
13 23 27
13 23 33
13 23 38
13 23 43
13 27 33
13 27 38
13 27 43
13 33 38
13 33 43
13 38 43
17 23 27
17 23 33
17 23 38
17 23 43
17 27 33
17 27 38
17 27 43
17 33 38
17 33 43
17 38 43
23 27 33
23 27 38
23 27 43
23 33 38
23 33 43
23 38 43
27 33 38
27 33 43
27 38 43
33 38 43

3 8 13 17
3 8 13 23
3 8 13 27
3 8 13 33
3 8 13 38
3 8 13 43
3 8 17 23
3 8 17 27
3 8 17 33
3 8 17 38
3 8 17 43
3 8 23 27
3 8 23 33
3 8 23 38
3 8 23 43
3 8 27 33
3 8 27 38
3 8 27 43
3 8 33 38
3 8 33 43
3 8 38 43
3 13 17 23
3 13 17 27
3 13 17 33
3 13 17 38
3 13 17 43
3 13 23 27
3 13 23 33
3 13 23 38
3 13 23 43
3 13 27 33
3 13 27 38
3 13 27 43
3 13 33 38
3 13 33 43
3 13 38 43
3 17 23 27
3 17 23 33
3 17 23 38
3 17 23 43
3 17 27 33
3 17 27 38
3 17 27 43
3 17 33 38
3 17 33 43
3 17 38 43
3 23 27 33
3 23 27 38
3 23 27 43
3 23 33 38
3 23 33 43
3 23 38 43
3 27 33 38
3 27 33 43
3 27 38 43
3 33 38 43
8 13 17 23
8 13 17 27
8 13 17 33
8 13 17 38
8 13 17 43
8 13 23 27
8 13 23 33
8 13 23 38
8 13 23 43
8 13 27 33
8 13 27 38
8 13 27 43
8 13 33 38
8 13 33 43
8 13 38 43
8 17 23 27
8 17 23 33
8 17 23 38
8 17 23 43
8 17 27 33
8 17 27 38
8 17 27 43
8 17 33 38
8 17 33 43
8 17 38 43
8 23 27 33
8 23 27 38
8 23 27 43
8 23 33 38
8 23 33 43
8 23 38 43
8 27 33 38
8 27 33 43
8 27 38 43
8 33 38 43
13 17 23 27
13 17 23 33
13 17 23 38
13 17 23 43
13 17 27 33
13 17 27 38
13 17 27 43
13 17 33 38
13 17 33 43
13 17 38 43
13 23 27 33
13 23 27 38
13 23 27 43
13 23 33 38
13 23 33 43
13 23 38 43
13 27 33 38
13 27 33 43
13 27 38 43
13 33 38 43
17 23 27 33
17 23 27 38
17 23 27 43
17 23 33 38
17 23 33 43
17 23 38 43
17 27 33 38
17 27 33 43
17 27 38 43
17 33 38 43
23 27 33 38
23 27 33 43
23 27 38 43
23 33 38 43
27 33 38 43

3 8 13 17 23
3 8 13 17 27
3 8 13 17 33
3 8 13 17 38
3 8 13 17 43
3 8 13 23 27
3 8 13 23 33
3 8 13 23 38
3 8 13 23 43
3 8 13 27 33
3 8 13 27 38
3 8 13 27 43
3 8 13 33 38
3 8 13 33 43
3 8 13 38 43
3 8 17 23 27
3 8 17 23 33
3 8 17 23 38
3 8 17 23 43
3 8 17 27 33
3 8 17 27 38
3 8 17 27 43
3 8 17 33 38
3 8 17 33 43
3 8 17 38 43
3 8 23 27 33
3 8 23 27 38
3 8 23 27 43
3 8 23 33 38
3 8 23 33 43
3 8 23 38 43
3 8 27 33 38
3 8 27 33 43
3 8 27 38 43
3 8 33 38 43
3 13 17 23 27
3 13 17 23 33
3 13 17 23 38
3 13 17 23 43
3 13 17 27 33
3 13 17 27 38
3 13 17 27 43
3 13 17 33 38
3 13 17 33 43
3 13 17 38 43
3 13 23 27 33
3 13 23 27 38
3 13 23 27 43
3 13 23 33 38
3 13 23 33 43
3 13 23 38 43
3 13 27 33 38
3 13 27 33 43
3 13 27 38 43
3 13 33 38 43
3 17 23 27 33
3 17 23 27 38
3 17 23 27 43
3 17 23 33 38
3 17 23 33 43
3 17 23 38 43
3 17 27 33 38
3 17 27 33 43
3 17 27 38 43
3 17 33 38 43
3 23 27 33 38
3 23 27 33 43
3 23 27 38 43
3 23 33 38 43
3 27 33 38 43
8 13 17 23 27
8 13 17 23 33
8 13 17 23 38
8 13 17 23 43
8 13 17 27 33
8 13 17 27 38
8 13 17 27 43
8 13 17 33 38
8 13 17 33 43
8 13 17 38 43
8 13 23 27 33
8 13 23 27 38
8 13 23 27 43
8 13 23 33 38
8 13 23 33 43
8 13 23 38 43
8 13 27 33 38
8 13 27 33 43
8 13 27 38 43
8 13 33 38 43
8 17 23 27 33
8 17 23 27 38
8 17 23 27 43
8 17 23 33 38
8 17 23 33 43
8 17 23 38 43
8 17 27 33 38
8 17 27 33 43
8 17 27 38 43
8 17 33 38 43
8 23 27 33 38
8 23 27 33 43
8 23 27 38 43
8 23 33 38 43
8 27 33 38 43
13 17 23 27 33
13 17 23 27 38
13 17 23 27 43
13 17 23 33 38
13 17 23 33 43
13 17 23 38 43
13 17 27 33 38
13 17 27 33 43
13 17 27 38 43
13 17 33 38 43
13 23 27 33 38
13 23 27 33 43
13 23 27 38 43
13 23 33 38 43
13 27 33 38 43
17 23 27 33 38
17 23 27 33 43
17 23 27 38 43
17 23 33 38 43
17 27 33 38 43
23 27 33 38 43
