
4 9 14
4 9 18
4 9 24
4 9 28
4 9 34
4 9 39
4 9 44
4 14 18
4 14 24
4 14 28
4 14 34
4 14 39
4 14 44
4 18 24
4 18 28
4 18 34
4 18 39
4 18 44
4 24 28
4 24 34
4 24 39
4 24 44
4 28 34
4 28 39
4 28 44
4 34 39
4 34 44
4 39 44
9 14 18
9 14 24
9 14 28
9 14 34
9 14 39
9 14 44
9 18 24
9 18 28
9 18 34
9 18 39
9 18 44
9 24 28
9 24 34
9 24 39
9 24 44
9 28 34
9 28 39
9 28 44
9 34 39
9 34 44
9 39 44
14 18 24
14 18 28
14 18 34
14 18 39
14 18 44
14 24 28
14 24 34
14 24 39
14 24 44
14 28 34
14 28 39
14 28 44
14 34 39
14 34 44
14 39 44
18 24 28
18 24 34
18 24 39
18 24 44
18 28 34
18 28 39
18 28 44
18 34 39
18 34 44
18 39 44
24 28 34
24 28 39
24 28 44
24 34 39
24 34 44
24 39 44
28 34 39
28 34 44
28 39 44
34 39 44

4 9 14 18
4 9 14 24
4 9 14 28
4 9 14 34
4 9 14 39
4 9 14 44
4 9 18 24
4 9 18 28
4 9 18 34
4 9 18 39
4 9 18 44
4 9 24 28
4 9 24 34
4 9 24 39
4 9 24 44
4 9 28 34
4 9 28 39
4 9 28 44
4 9 34 39
4 9 34 44
4 9 39 44
4 14 18 24
4 14 18 28
4 14 18 34
4 14 18 39
4 14 18 44
4 14 24 28
4 14 24 34
4 14 24 39
4 14 24 44
4 14 28 34
4 14 28 39
4 14 28 44
4 14 34 39
4 14 34 44
4 14 39 44
4 18 24 28
4 18 24 34
4 18 24 39
4 18 24 44
4 18 28 34
4 18 28 39
4 18 28 44
4 18 34 39
4 18 34 44
4 18 39 44
4 24 28 34
4 24 28 39
4 24 28 44
4 24 34 39
4 24 34 44
4 24 39 44
4 28 34 39
4 28 34 44
4 28 39 44
4 34 39 44
9 14 18 24
9 14 18 28
9 14 18 34
9 14 18 39
9 14 18 44
9 14 24 28
9 14 24 34
9 14 24 39
9 14 24 44
9 14 28 34
9 14 28 39
9 14 28 44
9 14 34 39
9 14 34 44
9 14 39 44
9 18 24 28
9 18 24 34
9 18 24 39
9 18 24 44
9 18 28 34
9 18 28 39
9 18 28 44
9 18 34 39
9 18 34 44
9 18 39 44
9 24 28 34
9 24 28 39
9 24 28 44
9 24 34 39
9 24 34 44
9 24 39 44
9 28 34 39
9 28 34 44
9 28 39 44
9 34 39 44
14 18 24 28
14 18 24 34
14 18 24 39
14 18 24 44
14 18 28 34
14 18 28 39
14 18 28 44
14 18 34 39
14 18 34 44
14 18 39 44
14 24 28 34
14 24 28 39
14 24 28 44
14 24 34 39
14 24 34 44
14 24 39 44
14 28 34 39
14 28 34 44
14 28 39 44
14 34 39 44
18 24 28 34
18 24 28 39
18 24 28 44
18 24 34 39
18 24 34 44
18 24 39 44
18 28 34 39
18 28 34 44
18 28 39 44
18 34 39 44
24 28 34 39
24 28 34 44
24 28 39 44
24 34 39 44
28 34 39 44

4 9 14 18 24
4 9 14 18 28
4 9 14 18 34
4 9 14 18 39
4 9 14 18 44
4 9 14 24 28
4 9 14 24 34
4 9 14 24 39
4 9 14 24 44
4 9 14 28 34
4 9 14 28 39
4 9 14 28 44
4 9 14 34 39
4 9 14 34 44
4 9 14 39 44
4 9 18 24 28
4 9 18 24 34
4 9 18 24 39
4 9 18 24 44
4 9 18 28 34
4 9 18 28 39
4 9 18 28 44
4 9 18 34 39
4 9 18 34 44
4 9 18 39 44
4 9 24 28 34
4 9 24 28 39
4 9 24 28 44
4 9 24 34 39
4 9 24 34 44
4 9 24 39 44
4 9 28 34 39
4 9 28 34 44
4 9 28 39 44
4 9 34 39 44
4 14 18 24 28
4 14 18 24 34
4 14 18 24 39
4 14 18 24 44
4 14 18 28 34
4 14 18 28 39
4 14 18 28 44
4 14 18 34 39
4 14 18 34 44
4 14 18 39 44
4 14 24 28 34
4 14 24 28 39
4 14 24 28 44
4 14 24 34 39
4 14 24 34 44
4 14 24 39 44
4 14 28 34 39
4 14 28 34 44
4 14 28 39 44
4 14 34 39 44
4 18 24 28 34
4 18 24 28 39
4 18 24 28 44
4 18 24 34 39
4 18 24 34 44
4 18 24 39 44
4 18 28 34 39
4 18 28 34 44
4 18 28 39 44
4 18 34 39 44
4 24 28 34 39
4 24 28 34 44
4 24 28 39 44
4 24 34 39 44
4 28 34 39 44
9 14 18 24 28
9 14 18 24 34
9 14 18 24 39
9 14 18 24 44
9 14 18 28 34
9 14 18 28 39
9 14 18 28 44
9 14 18 34 39
9 14 18 34 44
9 14 18 39 44
9 14 24 28 34
9 14 24 28 39
9 14 24 28 44
9 14 24 34 39
9 14 24 34 44
9 14 24 39 44
9 14 28 34 39
9 14 28 34 44
9 14 28 39 44
9 14 34 39 44
9 18 24 28 34
9 18 24 28 39
9 18 24 28 44
9 18 24 34 39
9 18 24 34 44
9 18 24 39 44
9 18 28 34 39
9 18 28 34 44
9 18 28 39 44
9 18 34 39 44
9 24 28 34 39
9 24 28 34 44
9 24 28 39 44
9 24 34 39 44
9 28 34 39 44
14 18 24 28 34
14 18 24 28 39
14 18 24 28 44
14 18 24 34 39
14 18 24 34 44
14 18 24 39 44
14 18 28 34 39
14 18 28 34 44
14 18 28 39 44
14 18 34 39 44
14 24 28 34 39
14 24 28 34 44
14 24 28 39 44
14 24 34 39 44
14 28 34 39 44
18 24 28 34 39
18 24 28 34 44
18 24 28 39 44
18 24 34 39 44
18 28 34 39 44
24 28 34 39 44
