
5 10 15
5 10 19
5 10 25
5 10 29
5 10 35
5 10 40
5 10 45
5 15 19
5 15 25
5 15 29
5 15 35
5 15 40
5 15 45
5 19 25
5 19 29
5 19 35
5 19 40
5 19 45
5 25 29
5 25 35
5 25 40
5 25 45
5 29 35
5 29 40
5 29 45
5 35 40
5 35 45
5 40 45
10 15 19
10 15 25
10 15 29
10 15 35
10 15 40
10 15 45
10 19 25
10 19 29
10 19 35
10 19 40
10 19 45
10 25 29
10 25 35
10 25 40
10 25 45
10 29 35
10 29 40
10 29 45
10 35 40
10 35 45
10 40 45
15 19 25
15 19 29
15 19 35
15 19 40
15 19 45
15 25 29
15 25 35
15 25 40
15 25 45
15 29 35
15 29 40
15 29 45
15 35 40
15 35 45
15 40 45
19 25 29
19 25 35
19 25 40
19 25 45
19 29 35
19 29 40
19 29 45
19 35 40
19 35 45
19 40 45
25 29 35
25 29 40
25 29 45
25 35 40
25 35 45
25 40 45
29 35 40
29 35 45
29 40 45
35 40 45

5 10 15 19
5 10 15 25
5 10 15 29
5 10 15 35
5 10 15 40
5 10 15 45
5 10 19 25
5 10 19 29
5 10 19 35
5 10 19 40
5 10 19 45
5 10 25 29
5 10 25 35
5 10 25 40
5 10 25 45
5 10 29 35
5 10 29 40
5 10 29 45
5 10 35 40
5 10 35 45
5 10 40 45
5 15 19 25
5 15 19 29
5 15 19 35
5 15 19 40
5 15 19 45
5 15 25 29
5 15 25 35
5 15 25 40
5 15 25 45
5 15 29 35
5 15 29 40
5 15 29 45
5 15 35 40
5 15 35 45
5 15 40 45
5 19 25 29
5 19 25 35
5 19 25 40
5 19 25 45
5 19 29 35
5 19 29 40
5 19 29 45
5 19 35 40
5 19 35 45
5 19 40 45
5 25 29 35
5 25 29 40
5 25 29 45
5 25 35 40
5 25 35 45
5 25 40 45
5 29 35 40
5 29 35 45
5 29 40 45
5 35 40 45
10 15 19 25
10 15 19 29
10 15 19 35
10 15 19 40
10 15 19 45
10 15 25 29
10 15 25 35
10 15 25 40
10 15 25 45
10 15 29 35
10 15 29 40
10 15 29 45
10 15 35 40
10 15 35 45
10 15 40 45
10 19 25 29
10 19 25 35
10 19 25 40
10 19 25 45
10 19 29 35
10 19 29 40
10 19 29 45
10 19 35 40
10 19 35 45
10 19 40 45
10 25 29 35
10 25 29 40
10 25 29 45
10 25 35 40
10 25 35 45
10 25 40 45
10 29 35 40
10 29 35 45
10 29 40 45
10 35 40 45
15 19 25 29
15 19 25 35
15 19 25 40
15 19 25 45
15 19 29 35
15 19 29 40
15 19 29 45
15 19 35 40
15 19 35 45
15 19 40 45
15 25 29 35
15 25 29 40
15 25 29 45
15 25 35 40
15 25 35 45
15 25 40 45
15 29 35 40
15 29 35 45
15 29 40 45
15 35 40 45
19 25 29 35
19 25 29 40
19 25 29 45
19 25 35 40
19 25 35 45
19 25 40 45
19 29 35 40
19 29 35 45
19 29 40 45
19 35 40 45
25 29 35 40
25 29 35 45
25 29 40 45
25 35 40 45
29 35 40 45

5 10 15 19 25
5 10 15 19 29
5 10 15 19 35
5 10 15 19 40
5 10 15 19 45
5 10 15 25 29
5 10 15 25 35
5 10 15 25 40
5 10 15 25 45
5 10 15 29 35
5 10 15 29 40
5 10 15 29 45
5 10 15 35 40
5 10 15 35 45
5 10 15 40 45
5 10 19 25 29
5 10 19 25 35
5 10 19 25 40
5 10 19 25 45
5 10 19 29 35
5 10 19 29 40
5 10 19 29 45
5 10 19 35 40
5 10 19 35 45
5 10 19 40 45
5 10 25 29 35
5 10 25 29 40
5 10 25 29 45
5 10 25 35 40
5 10 25 35 45
5 10 25 40 45
5 10 29 35 40
5 10 29 35 45
5 10 29 40 45
5 10 35 40 45
5 15 19 25 29
5 15 19 25 35
5 15 19 25 40
5 15 19 25 45
5 15 19 29 35
5 15 19 29 40
5 15 19 29 45
5 15 19 35 40
5 15 19 35 45
5 15 19 40 45
5 15 25 29 35
5 15 25 29 40
5 15 25 29 45
5 15 25 35 40
5 15 25 35 45
5 15 25 40 45
5 15 29 35 40
5 15 29 35 45
5 15 29 40 45
5 15 35 40 45
5 19 25 29 35
5 19 25 29 40
5 19 25 29 45
5 19 25 35 40
5 19 25 35 45
5 19 25 40 45
5 19 29 35 40
5 19 29 35 45
5 19 29 40 45
5 19 35 40 45
5 25 29 35 40
5 25 29 35 45
5 25 29 40 45
5 25 35 40 45
5 29 35 40 45
10 15 19 25 29
10 15 19 25 35
10 15 19 25 40
10 15 19 25 45
10 15 19 29 35
10 15 19 29 40
10 15 19 29 45
10 15 19 35 40
10 15 19 35 45
10 15 19 40 45
10 15 25 29 35
10 15 25 29 40
10 15 25 29 45
10 15 25 35 40
10 15 25 35 45
10 15 25 40 45
10 15 29 35 40
10 15 29 35 45
10 15 29 40 45
10 15 35 40 45
10 19 25 29 35
10 19 25 29 40
10 19 25 29 45
10 19 25 35 40
10 19 25 35 45
10 19 25 40 45
10 19 29 35 40
10 19 29 35 45
10 19 29 40 45
10 19 35 40 45
10 25 29 35 40
10 25 29 35 45
10 25 29 40 45
10 25 35 40 45
10 29 35 40 45
15 19 25 29 35
15 19 25 29 40
15 19 25 29 45
15 19 25 35 40
15 19 25 35 45
15 19 25 40 45
15 19 29 35 40
15 19 29 35 45
15 19 29 40 45
15 19 35 40 45
15 25 29 35 40
15 25 29 35 45
15 25 29 40 45
15 25 35 40 45
15 29 35 40 45
19 25 29 35 40
19 25 29 35 45
19 25 29 40 45
19 25 35 40 45
19 29 35 40 45
25 29 35 40 45
